case_id,task,question,questionnaire,expected_answer,prompt,Response,Correct
case_2,answer_reverse_lookup,List all respondents with gender = 'Female' and admission type = 'Emergency'.,"# Survey Data

## Questions

- **Age:** What is your age? [Open-ended]
- **Gender:** What is your gender? [MCQ: A. Female B. Male]
- **Blood Type:** What is your blood type? [MCQ: A. A+ B. A- C. AB+ D. AB- E. B+ F. B- G. O+ H. O-]
- **Medical Condition:** What is your medical condition? [MCQ: A. Arthritis B. Asthma C. Cancer D. Diabetes E. Hypertension F. Obesity]
- **Date of Admission:** What is your date of admission? [Open-ended]
- **Doctor:** What is your doctor? [Open-ended]
- **Hospital:** What is your hospital? [Open-ended]
- **Insurance Provider:** What is your insurance provider? [MCQ: A. Aetna B. Blue Cross C. Cigna D. Medicare E. UnitedHealthcare]
- **Billing Amount:** What is your billing amount? [Open-ended]
- **Room Number:** What is your room number? [Open-ended]
- **Admission Type:** What is your admission type? [MCQ: A. Elective B. Emergency C. Urgent]
- **Discharge Date:** What is your discharge date? [Open-ended]
- **Medication:** What is your medication? [MCQ: A. Aspirin B. Ibuprofen C. Lipitor D. Paracetamol E. Penicillin]
- **Test Results:** What is your test results? [MCQ: A. Abnormal B. Inconclusive C. Normal]

## Responses

### Respondent 63

- **Age:** 43
- **Gender:** b
- **Blood Type:** d
- **Medical Condition:** c
- **Date of Admission:** 2023-06-28
- **Doctor:** DOC_63
- **Hospital:** HOSP_63
- **Insurance Provider:** d
- **Billing Amount:** 19973
- **Room Number:** 451
- **Admission Type:** a
- **Discharge Date:** 2023-06-10
- **Medication:** b
- **Test Results:** c

### Respondent 38

- **Age:** 38
- **Gender:** b
- **Blood Type:** g
- **Medical Condition:** f
- **Date of Admission:** 2019-09-30
- **Doctor:** DOC_38
- **Hospital:** HOSP_38
- **Insurance Provider:** a
- **Billing Amount:** 8409
- **Room Number:** 422
- **Admission Type:** c
- **Discharge Date:** 2019-08-26
- **Medication:** d
- **Test Results:** b

### Respondent 2

- **Age:** 38
- **Gender:** b
- **Blood Type:** h
- **Medical Condition:** e
- **Date of Admission:** 2021-01-21
- **Doctor:** DOC_02
- **Hospital:** HOSP_02
- **Insurance Provider:** c
- **Billing Amount:** 31516
- **Room Number:** 134
- **Admission Type:** b
- **Discharge Date:** 2020-08-27
- **Medication:** e
- **Test Results:** c

### Respondent 28

- **Age:** 32
- **Gender:** b
- **Blood Type:** c
- **Medical Condition:** d
- **Date of Admission:** 2019-11-05
- **Doctor:** DOC_28
- **Hospital:** HOSP_28
- **Insurance Provider:** a
- **Billing Amount:** 5767
- **Room Number:** 492
- **Admission Type:** c
- **Discharge Date:** 2019-10-15
- **Medication:** d
- **Test Results:** b

### Respondent 109

- **Age:** 55
- **Gender:** b
- **Blood Type:** d
- **Medical Condition:** b
- **Date of Admission:** 2022-05-13
- **Doctor:** DOC_109
- **Hospital:** HOSP_109
- **Insurance Provider:** a
- **Billing Amount:** 35522
- **Room Number:** 213
- **Admission Type:** a
- **Discharge Date:** 2022-06-10
- **Medication:** d
- **Test Results:** c

### Respondent 57

- **Age:** 21
- **Gender:** a
- **Blood Type:** h
- **Medical Condition:** d
- **Date of Admission:** 2020-08-23
- **Doctor:** DOC_57
- **Hospital:** HOSP_57
- **Insurance Provider:** d
- **Billing Amount:** 19785
- **Room Number:** 378
- **Admission Type:** a
- **Discharge Date:** 2020-11-15
- **Medication:** d
- **Test Results:** b

### Respondent 46

- **Age:** 22
- **Gender:** a
- **Blood Type:** b
- **Medical Condition:** a
- **Date of Admission:** 2023-12-20
- **Doctor:** DOC_46
- **Hospital:** HOSP_46
- **Insurance Provider:** b
- **Billing Amount:** 42697
- **Room Number:** 108
- **Admission Type:** c
- **Discharge Date:** 2023-10-27
- **Medication:** e
- **Test Results:** c

### Respondent 133

- **Age:** 22
- **Gender:** b
- **Blood Type:** d
- **Medical Condition:** c
- **Date of Admission:** 2023-10-15
- **Doctor:** DOC_133
- **Hospital:** HOSP_133
- **Insurance Provider:** c
- **Billing Amount:** 10662
- **Room Number:** 413
- **Admission Type:** b
- **Discharge Date:** 2024-01-02
- **Medication:** d
- **Test Results:** a

### Respondent 119

- **Age:** 23
- **Gender:** a
- **Blood Type:** b
- **Medical Condition:** f
- **Date of Admission:** 2022-04-08
- **Doctor:** DOC_119
- **Hospital:** HOSP_119
- **Insurance Provider:** e
- **Billing Amount:** 6768
- **Room Number:** 157
- **Admission Type:** a
- **Discharge Date:** 2022-04-09
- **Medication:** c
- **Test Results:** a

### Respondent 13

- **Age:** 46
- **Gender:** b
- **Blood Type:** g
- **Medical Condition:** f
- **Date of Admission:** 2020-05-31
- **Doctor:** DOC_13
- **Hospital:** HOSP_13
- **Insurance Provider:** c
- **Billing Amount:** 23685
- **Room Number:** 407
- **Admission Type:** b
- **Discharge Date:** 2020-06-19
- **Medication:** a
- **Test Results:** b

### Respondent 143

- **Age:** 80
- **Gender:** b
- **Blood Type:** a
- **Medical Condition:** d
- **Date of Admission:** 2022-12-10
- **Doctor:** DOC_143
- **Hospital:** HOSP_143
- **Insurance Provider:** e
- **Billing Amount:** 10107
- **Room Number:** 130
- **Admission Type:** b
- **Discharge Date:** 2022-09-27
- **Medication:** a
- **Test Results:** a

",None,"<example>
List all respondents with doctor = 'DOC_107' and hospital = 'HOSP_148'.

DATA:

# Survey Data

## Questions

- **Age:** What is your age? [Open-ended]
- **Gender:** What is your gender? [MCQ: A. Female B. Male]
- **Blood Type:** What is your blood type? [MCQ: A. A+ B. A- C. AB+ D. AB- E. B+ F. B- G. O+ H. O-]
- **Medical Condition:** What is your medical condition? [MCQ: A. Arthritis B. Asthma C. Cancer D. Diabetes E. Hypertension F. Obesity]
- **Date of Admission:** What is your date of admission? [Open-ended]
- **Doctor:** What is your doctor? [Open-ended]
- **Hospital:** What is your hospital? [Open-ended]
- **Insurance Provider:** What is your insurance provider? [MCQ: A. Aetna B. Blue Cross C. Cigna D. Medicare E. UnitedHealthcare]
- **Billing Amount:** What is your billing amount? [Open-ended]
- **Room Number:** What is your room number? [Open-ended]
- **Admission Type:** What is your admission type? [MCQ: A. Elective B. Emergency C. Urgent]
- **Discharge Date:** What is your discharge date? [Open-ended]
- **Medication:** What is your medication? [MCQ: A. Aspirin B. Ibuprofen C. Lipitor D. Paracetamol E. Penicillin]
- **Test Results:** What is your test results? [MCQ: A. Abnormal B. Inconclusive C. Normal]

## Responses

### Respondent 63

- **Age:** 43
- **Gender:** b
- **Blood Type:** d
- **Medical Condition:** c
- **Date of Admission:** 2023-06-28
- **Doctor:** DOC_63
- **Hospital:** HOSP_63
- **Insurance Provider:** d
- **Billing Amount:** 19973
- **Room Number:** 451
- **Admission Type:** a
- **Discharge Date:** 2023-06-10
- **Medication:** b
- **Test Results:** c

### Respondent 38

- **Age:** 38
- **Gender:** b
- **Blood Type:** g
- **Medical Condition:** f
- **Date of Admission:** 2019-09-30
- **Doctor:** DOC_38
- **Hospital:** HOSP_38
- **Insurance Provider:** a
- **Billing Amount:** 8409
- **Room Number:** 422
- **Admission Type:** c
- **Discharge Date:** 2019-08-26
- **Medication:** d
- **Test Results:** b

### Respondent 2

- **Age:** 38
- **Gender:** b
- **Blood Type:** h
- **Medical Condition:** e
- **Date of Admission:** 2021-01-21
- **Doctor:** DOC_02
- **Hospital:** HOSP_02
- **Insurance Provider:** c
- **Billing Amount:** 31516
- **Room Number:** 134
- **Admission Type:** b
- **Discharge Date:** 2020-08-27
- **Medication:** e
- **Test Results:** c

### Respondent 28

- **Age:** 32
- **Gender:** b
- **Blood Type:** c
- **Medical Condition:** d
- **Date of Admission:** 2019-11-05
- **Doctor:** DOC_28
- **Hospital:** HOSP_28
- **Insurance Provider:** a
- **Billing Amount:** 5767
- **Room Number:** 492
- **Admission Type:** c
- **Discharge Date:** 2019-10-15
- **Medication:** d
- **Test Results:** b

### Respondent 109

- **Age:** 55
- **Gender:** b
- **Blood Type:** d
- **Medical Condition:** b
- **Date of Admission:** 2022-05-13
- **Doctor:** DOC_109
- **Hospital:** HOSP_109
- **Insurance Provider:** a
- **Billing Amount:** 35522
- **Room Number:** 213
- **Admission Type:** a
- **Discharge Date:** 2022-06-10
- **Medication:** d
- **Test Results:** c

### Respondent 57

- **Age:** 21
- **Gender:** a
- **Blood Type:** h
- **Medical Condition:** d
- **Date of Admission:** 2020-08-23
- **Doctor:** DOC_57
- **Hospital:** HOSP_57
- **Insurance Provider:** d
- **Billing Amount:** 19785
- **Room Number:** 378
- **Admission Type:** a
- **Discharge Date:** 2020-11-15
- **Medication:** d
- **Test Results:** b

### Respondent 46

- **Age:** 22
- **Gender:** a
- **Blood Type:** b
- **Medical Condition:** a
- **Date of Admission:** 2023-12-20
- **Doctor:** DOC_46
- **Hospital:** HOSP_46
- **Insurance Provider:** b
- **Billing Amount:** 42697
- **Room Number:** 108
- **Admission Type:** c
- **Discharge Date:** 2023-10-27
- **Medication:** e
- **Test Results:** c

### Respondent 133

- **Age:** 22
- **Gender:** b
- **Blood Type:** d
- **Medical Condition:** c
- **Date of Admission:** 2023-10-15
- **Doctor:** DOC_133
- **Hospital:** HOSP_133
- **Insurance Provider:** c
- **Billing Amount:** 10662
- **Room Number:** 413
- **Admission Type:** b
- **Discharge Date:** 2024-01-02
- **Medication:** d
- **Test Results:** a

### Respondent 119

- **Age:** 23
- **Gender:** a
- **Blood Type:** b
- **Medical Condition:** f
- **Date of Admission:** 2022-04-08
- **Doctor:** DOC_119
- **Hospital:** HOSP_119
- **Insurance Provider:** e
- **Billing Amount:** 6768
- **Room Number:** 157
- **Admission Type:** a
- **Discharge Date:** 2022-04-09
- **Medication:** c
- **Test Results:** a

### Respondent 13

- **Age:** 46
- **Gender:** b
- **Blood Type:** g
- **Medical Condition:** f
- **Date of Admission:** 2020-05-31
- **Doctor:** DOC_13
- **Hospital:** HOSP_13
- **Insurance Provider:** c
- **Billing Amount:** 23685
- **Room Number:** 407
- **Admission Type:** b
- **Discharge Date:** 2020-06-19
- **Medication:** a
- **Test Results:** b

### Respondent 143

- **Age:** 80
- **Gender:** b
- **Blood Type:** a
- **Medical Condition:** d
- **Date of Admission:** 2022-12-10
- **Doctor:** DOC_143
- **Hospital:** HOSP_143
- **Insurance Provider:** e
- **Billing Amount:** 10107
- **Room Number:** 130
- **Admission Type:** b
- **Discharge Date:** 2022-09-27
- **Medication:** a
- **Test Results:** a



Answer: None
</example>

<questionnaire>
# Survey Data

## Questions

- **Age:** What is your age? [Open-ended]
- **Gender:** What is your gender? [MCQ: A. Female B. Male]
- **Blood Type:** What is your blood type? [MCQ: A. A+ B. A- C. AB+ D. AB- E. B+ F. B- G. O+ H. O-]
- **Medical Condition:** What is your medical condition? [MCQ: A. Arthritis B. Asthma C. Cancer D. Diabetes E. Hypertension F. Obesity]
- **Date of Admission:** What is your date of admission? [Open-ended]
- **Doctor:** What is your doctor? [Open-ended]
- **Hospital:** What is your hospital? [Open-ended]
- **Insurance Provider:** What is your insurance provider? [MCQ: A. Aetna B. Blue Cross C. Cigna D. Medicare E. UnitedHealthcare]
- **Billing Amount:** What is your billing amount? [Open-ended]
- **Room Number:** What is your room number? [Open-ended]
- **Admission Type:** What is your admission type? [MCQ: A. Elective B. Emergency C. Urgent]
- **Discharge Date:** What is your discharge date? [Open-ended]
- **Medication:** What is your medication? [MCQ: A. Aspirin B. Ibuprofen C. Lipitor D. Paracetamol E. Penicillin]
- **Test Results:** What is your test results? [MCQ: A. Abnormal B. Inconclusive C. Normal]

## Responses

### Respondent 63

- **Age:** 43
- **Gender:** b
- **Blood Type:** d
- **Medical Condition:** c
- **Date of Admission:** 2023-06-28
- **Doctor:** DOC_63
- **Hospital:** HOSP_63
- **Insurance Provider:** d
- **Billing Amount:** 19973
- **Room Number:** 451
- **Admission Type:** a
- **Discharge Date:** 2023-06-10
- **Medication:** b
- **Test Results:** c

### Respondent 38

- **Age:** 38
- **Gender:** b
- **Blood Type:** g
- **Medical Condition:** f
- **Date of Admission:** 2019-09-30
- **Doctor:** DOC_38
- **Hospital:** HOSP_38
- **Insurance Provider:** a
- **Billing Amount:** 8409
- **Room Number:** 422
- **Admission Type:** c
- **Discharge Date:** 2019-08-26
- **Medication:** d
- **Test Results:** b

### Respondent 2

- **Age:** 38
- **Gender:** b
- **Blood Type:** h
- **Medical Condition:** e
- **Date of Admission:** 2021-01-21
- **Doctor:** DOC_02
- **Hospital:** HOSP_02
- **Insurance Provider:** c
- **Billing Amount:** 31516
- **Room Number:** 134
- **Admission Type:** b
- **Discharge Date:** 2020-08-27
- **Medication:** e
- **Test Results:** c

### Respondent 28

- **Age:** 32
- **Gender:** b
- **Blood Type:** c
- **Medical Condition:** d
- **Date of Admission:** 2019-11-05
- **Doctor:** DOC_28
- **Hospital:** HOSP_28
- **Insurance Provider:** a
- **Billing Amount:** 5767
- **Room Number:** 492
- **Admission Type:** c
- **Discharge Date:** 2019-10-15
- **Medication:** d
- **Test Results:** b

### Respondent 109

- **Age:** 55
- **Gender:** b
- **Blood Type:** d
- **Medical Condition:** b
- **Date of Admission:** 2022-05-13
- **Doctor:** DOC_109
- **Hospital:** HOSP_109
- **Insurance Provider:** a
- **Billing Amount:** 35522
- **Room Number:** 213
- **Admission Type:** a
- **Discharge Date:** 2022-06-10
- **Medication:** d
- **Test Results:** c

### Respondent 57

- **Age:** 21
- **Gender:** a
- **Blood Type:** h
- **Medical Condition:** d
- **Date of Admission:** 2020-08-23
- **Doctor:** DOC_57
- **Hospital:** HOSP_57
- **Insurance Provider:** d
- **Billing Amount:** 19785
- **Room Number:** 378
- **Admission Type:** a
- **Discharge Date:** 2020-11-15
- **Medication:** d
- **Test Results:** b

### Respondent 46

- **Age:** 22
- **Gender:** a
- **Blood Type:** b
- **Medical Condition:** a
- **Date of Admission:** 2023-12-20
- **Doctor:** DOC_46
- **Hospital:** HOSP_46
- **Insurance Provider:** b
- **Billing Amount:** 42697
- **Room Number:** 108
- **Admission Type:** c
- **Discharge Date:** 2023-10-27
- **Medication:** e
- **Test Results:** c

### Respondent 133

- **Age:** 22
- **Gender:** b
- **Blood Type:** d
- **Medical Condition:** c
- **Date of Admission:** 2023-10-15
- **Doctor:** DOC_133
- **Hospital:** HOSP_133
- **Insurance Provider:** c
- **Billing Amount:** 10662
- **Room Number:** 413
- **Admission Type:** b
- **Discharge Date:** 2024-01-02
- **Medication:** d
- **Test Results:** a

### Respondent 119

- **Age:** 23
- **Gender:** a
- **Blood Type:** b
- **Medical Condition:** f
- **Date of Admission:** 2022-04-08
- **Doctor:** DOC_119
- **Hospital:** HOSP_119
- **Insurance Provider:** e
- **Billing Amount:** 6768
- **Room Number:** 157
- **Admission Type:** a
- **Discharge Date:** 2022-04-09
- **Medication:** c
- **Test Results:** a

### Respondent 13

- **Age:** 46
- **Gender:** b
- **Blood Type:** g
- **Medical Condition:** f
- **Date of Admission:** 2020-05-31
- **Doctor:** DOC_13
- **Hospital:** HOSP_13
- **Insurance Provider:** c
- **Billing Amount:** 23685
- **Room Number:** 407
- **Admission Type:** b
- **Discharge Date:** 2020-06-19
- **Medication:** a
- **Test Results:** b

### Respondent 143

- **Age:** 80
- **Gender:** b
- **Blood Type:** a
- **Medical Condition:** d
- **Date of Admission:** 2022-12-10
- **Doctor:** DOC_143
- **Hospital:** HOSP_143
- **Insurance Provider:** e
- **Billing Amount:** 10107
- **Room Number:** 130
- **Admission Type:** b
- **Discharge Date:** 2022-09-27
- **Medication:** a
- **Test Results:** a


</questionnaire>

<role>
You are a meticulous data analyst AI. Your primary function is to accurately analyze structured data and provide precise, verifiable answers.
</role>

<format>
You will be given a dataset with two key parts:

A 'questions' section: This is your data dictionary or schema. It is the single source of truth for understanding what each field and score means. Refer to it carefully.

A 'responses' section: This contains the raw data from each individual respondent.

To answer the question correctly, you must first use the 'questions' schema to fully understand the context and meaning of the data points within the 'responses'. Do not rely on any prior knowledge outside of this provided data. Base your entire analysis on the information given.
</format>

<output>
Provide your final answer directly and concisely. Output must be the human-readable value, not an option code.

Rules:
- For MCQ fields, map any letter codes in the Responses (case-insensitive) to the corresponding option text from the Questions schema, and output only that text. Do NOT include the letter or both.
  Example: If the schema is ""[MCQ: A. Abnormal B. Inconclusive C. Normal]"" and the response is ""a"", output ""Abnormal"".
- For open-ended fields, output the exact text value.
- If the question asks for a count, provide only the number (e.g., ""42"").
- If the question asks for a list of names or IDs, provide a simple comma-separated list (e.g., ""17, 21, 23"").
- Preserve capitalization exactly as in the schema (e.g., output ""Abnormal"", not ""abnormal"" or ""A"").
</output>

<task>
List all respondents with gender = 'Female' and admission type = 'Emergency'.
</task>",,False
case_3,answer_reverse_lookup,Find all respondents whose billing amount is between 13115 and 39267.,"# Survey Data

## Questions

- **Age:** What is your age? [Open-ended]
- **Gender:** What is your gender? [MCQ: A. Female B. Male]
- **Blood Type:** What is your blood type? [MCQ: A. A+ B. A- C. AB+ D. AB- E. B+ F. B- G. O+ H. O-]
- **Medical Condition:** What is your medical condition? [MCQ: A. Arthritis B. Asthma C. Cancer D. Diabetes E. Hypertension F. Obesity]
- **Date of Admission:** What is your date of admission? [Open-ended]
- **Doctor:** What is your doctor? [Open-ended]
- **Hospital:** What is your hospital? [Open-ended]
- **Insurance Provider:** What is your insurance provider? [MCQ: A. Aetna B. Blue Cross C. Cigna D. Medicare E. UnitedHealthcare]
- **Billing Amount:** What is your billing amount? [Open-ended]
- **Room Number:** What is your room number? [Open-ended]
- **Admission Type:** What is your admission type? [MCQ: A. Elective B. Emergency C. Urgent]
- **Discharge Date:** What is your discharge date? [Open-ended]
- **Medication:** What is your medication? [MCQ: A. Aspirin B. Ibuprofen C. Lipitor D. Paracetamol E. Penicillin]
- **Test Results:** What is your test results? [MCQ: A. Abnormal B. Inconclusive C. Normal]

## Responses

### Respondent 32

- **Age:** 28
- **Gender:** b
- **Blood Type:** a
- **Medical Condition:** e
- **Date of Admission:** 2024-01-15
- **Doctor:** DOC_32
- **Hospital:** HOSP_32
- **Insurance Provider:** e
- **Billing Amount:** 39723
- **Room Number:** 500
- **Admission Type:** c
- **Discharge Date:** 2024-02-24
- **Medication:** c
- **Test Results:** b

### Respondent 117

- **Age:** 58
- **Gender:** a
- **Blood Type:** d
- **Medical Condition:** c
- **Date of Admission:** 2021-01-17
- **Doctor:** DOC_117
- **Hospital:** HOSP_117
- **Insurance Provider:** e
- **Billing Amount:** 20228
- **Room Number:** 249
- **Admission Type:** a
- **Discharge Date:** 2021-07-31
- **Medication:** d
- **Test Results:** b

### Respondent 35

- **Age:** 61
- **Gender:** b
- **Blood Type:** e
- **Medical Condition:** d
- **Date of Admission:** 2019-11-21
- **Doctor:** DOC_35
- **Hospital:** HOSP_35
- **Insurance Provider:** d
- **Billing Amount:** 10284
- **Room Number:** 371
- **Admission Type:** b
- **Discharge Date:** 2019-12-28
- **Medication:** e
- **Test Results:** a

### Respondent 119

- **Age:** 23
- **Gender:** a
- **Blood Type:** b
- **Medical Condition:** f
- **Date of Admission:** 2022-04-08
- **Doctor:** DOC_119
- **Hospital:** HOSP_119
- **Insurance Provider:** e
- **Billing Amount:** 6768
- **Room Number:** 157
- **Admission Type:** a
- **Discharge Date:** 2022-04-09
- **Medication:** c
- **Test Results:** a

### Respondent 136

- **Age:** 22
- **Gender:** b
- **Blood Type:** a
- **Medical Condition:** d
- **Date of Admission:** 2023-06-25
- **Doctor:** DOC_136
- **Hospital:** HOSP_136
- **Insurance Provider:** e
- **Billing Amount:** 4398
- **Room Number:** 456
- **Admission Type:** c
- **Discharge Date:** 2023-07-05
- **Medication:** b
- **Test Results:** a

### Respondent 144

- **Age:** 44
- **Gender:** a
- **Blood Type:** a
- **Medical Condition:** c
- **Date of Admission:** 2022-09-22
- **Doctor:** DOC_144
- **Hospital:** HOSP_144
- **Insurance Provider:** a
- **Billing Amount:** 16320
- **Room Number:** 465
- **Admission Type:** c
- **Discharge Date:** 2022-11-07
- **Medication:** e
- **Test Results:** a

### Respondent 82

- **Age:** 82
- **Gender:** b
- **Blood Type:** c
- **Medical Condition:** d
- **Date of Admission:** 2020-07-10
- **Doctor:** DOC_82
- **Hospital:** HOSP_82
- **Insurance Provider:** a
- **Billing Amount:** 47985
- **Room Number:** 320
- **Admission Type:** a
- **Discharge Date:** 2020-07-14
- **Medication:** a
- **Test Results:** a

### Respondent 114

- **Age:** 81
- **Gender:** a
- **Blood Type:** d
- **Medical Condition:** d
- **Date of Admission:** 2024-01-04
- **Doctor:** DOC_114
- **Hospital:** HOSP_114
- **Insurance Provider:** b
- **Billing Amount:** 20258
- **Room Number:** 250
- **Admission Type:** a
- **Discharge Date:** 2023-11-08
- **Medication:** e
- **Test Results:** a

","117, 144, 114","<example>
List all respondents with doctor = 'DOC_107' and hospital = 'HOSP_148'.

DATA:

# Survey Data

## Questions

- **Age:** What is your age? [Open-ended]
- **Gender:** What is your gender? [MCQ: A. Female B. Male]
- **Blood Type:** What is your blood type? [MCQ: A. A+ B. A- C. AB+ D. AB- E. B+ F. B- G. O+ H. O-]
- **Medical Condition:** What is your medical condition? [MCQ: A. Arthritis B. Asthma C. Cancer D. Diabetes E. Hypertension F. Obesity]
- **Date of Admission:** What is your date of admission? [Open-ended]
- **Doctor:** What is your doctor? [Open-ended]
- **Hospital:** What is your hospital? [Open-ended]
- **Insurance Provider:** What is your insurance provider? [MCQ: A. Aetna B. Blue Cross C. Cigna D. Medicare E. UnitedHealthcare]
- **Billing Amount:** What is your billing amount? [Open-ended]
- **Room Number:** What is your room number? [Open-ended]
- **Admission Type:** What is your admission type? [MCQ: A. Elective B. Emergency C. Urgent]
- **Discharge Date:** What is your discharge date? [Open-ended]
- **Medication:** What is your medication? [MCQ: A. Aspirin B. Ibuprofen C. Lipitor D. Paracetamol E. Penicillin]
- **Test Results:** What is your test results? [MCQ: A. Abnormal B. Inconclusive C. Normal]

## Responses

### Respondent 32

- **Age:** 28
- **Gender:** b
- **Blood Type:** a
- **Medical Condition:** e
- **Date of Admission:** 2024-01-15
- **Doctor:** DOC_32
- **Hospital:** HOSP_32
- **Insurance Provider:** e
- **Billing Amount:** 39723
- **Room Number:** 500
- **Admission Type:** c
- **Discharge Date:** 2024-02-24
- **Medication:** c
- **Test Results:** b

### Respondent 117

- **Age:** 58
- **Gender:** a
- **Blood Type:** d
- **Medical Condition:** c
- **Date of Admission:** 2021-01-17
- **Doctor:** DOC_117
- **Hospital:** HOSP_117
- **Insurance Provider:** e
- **Billing Amount:** 20228
- **Room Number:** 249
- **Admission Type:** a
- **Discharge Date:** 2021-07-31
- **Medication:** d
- **Test Results:** b

### Respondent 35

- **Age:** 61
- **Gender:** b
- **Blood Type:** e
- **Medical Condition:** d
- **Date of Admission:** 2019-11-21
- **Doctor:** DOC_35
- **Hospital:** HOSP_35
- **Insurance Provider:** d
- **Billing Amount:** 10284
- **Room Number:** 371
- **Admission Type:** b
- **Discharge Date:** 2019-12-28
- **Medication:** e
- **Test Results:** a

### Respondent 119

- **Age:** 23
- **Gender:** a
- **Blood Type:** b
- **Medical Condition:** f
- **Date of Admission:** 2022-04-08
- **Doctor:** DOC_119
- **Hospital:** HOSP_119
- **Insurance Provider:** e
- **Billing Amount:** 6768
- **Room Number:** 157
- **Admission Type:** a
- **Discharge Date:** 2022-04-09
- **Medication:** c
- **Test Results:** a

### Respondent 136

- **Age:** 22
- **Gender:** b
- **Blood Type:** a
- **Medical Condition:** d
- **Date of Admission:** 2023-06-25
- **Doctor:** DOC_136
- **Hospital:** HOSP_136
- **Insurance Provider:** e
- **Billing Amount:** 4398
- **Room Number:** 456
- **Admission Type:** c
- **Discharge Date:** 2023-07-05
- **Medication:** b
- **Test Results:** a

### Respondent 144

- **Age:** 44
- **Gender:** a
- **Blood Type:** a
- **Medical Condition:** c
- **Date of Admission:** 2022-09-22
- **Doctor:** DOC_144
- **Hospital:** HOSP_144
- **Insurance Provider:** a
- **Billing Amount:** 16320
- **Room Number:** 465
- **Admission Type:** c
- **Discharge Date:** 2022-11-07
- **Medication:** e
- **Test Results:** a

### Respondent 82

- **Age:** 82
- **Gender:** b
- **Blood Type:** c
- **Medical Condition:** d
- **Date of Admission:** 2020-07-10
- **Doctor:** DOC_82
- **Hospital:** HOSP_82
- **Insurance Provider:** a
- **Billing Amount:** 47985
- **Room Number:** 320
- **Admission Type:** a
- **Discharge Date:** 2020-07-14
- **Medication:** a
- **Test Results:** a

### Respondent 114

- **Age:** 81
- **Gender:** a
- **Blood Type:** d
- **Medical Condition:** d
- **Date of Admission:** 2024-01-04
- **Doctor:** DOC_114
- **Hospital:** HOSP_114
- **Insurance Provider:** b
- **Billing Amount:** 20258
- **Room Number:** 250
- **Admission Type:** a
- **Discharge Date:** 2023-11-08
- **Medication:** e
- **Test Results:** a



Answer: None
</example>

<questionnaire>
# Survey Data

## Questions

- **Age:** What is your age? [Open-ended]
- **Gender:** What is your gender? [MCQ: A. Female B. Male]
- **Blood Type:** What is your blood type? [MCQ: A. A+ B. A- C. AB+ D. AB- E. B+ F. B- G. O+ H. O-]
- **Medical Condition:** What is your medical condition? [MCQ: A. Arthritis B. Asthma C. Cancer D. Diabetes E. Hypertension F. Obesity]
- **Date of Admission:** What is your date of admission? [Open-ended]
- **Doctor:** What is your doctor? [Open-ended]
- **Hospital:** What is your hospital? [Open-ended]
- **Insurance Provider:** What is your insurance provider? [MCQ: A. Aetna B. Blue Cross C. Cigna D. Medicare E. UnitedHealthcare]
- **Billing Amount:** What is your billing amount? [Open-ended]
- **Room Number:** What is your room number? [Open-ended]
- **Admission Type:** What is your admission type? [MCQ: A. Elective B. Emergency C. Urgent]
- **Discharge Date:** What is your discharge date? [Open-ended]
- **Medication:** What is your medication? [MCQ: A. Aspirin B. Ibuprofen C. Lipitor D. Paracetamol E. Penicillin]
- **Test Results:** What is your test results? [MCQ: A. Abnormal B. Inconclusive C. Normal]

## Responses

### Respondent 32

- **Age:** 28
- **Gender:** b
- **Blood Type:** a
- **Medical Condition:** e
- **Date of Admission:** 2024-01-15
- **Doctor:** DOC_32
- **Hospital:** HOSP_32
- **Insurance Provider:** e
- **Billing Amount:** 39723
- **Room Number:** 500
- **Admission Type:** c
- **Discharge Date:** 2024-02-24
- **Medication:** c
- **Test Results:** b

### Respondent 117

- **Age:** 58
- **Gender:** a
- **Blood Type:** d
- **Medical Condition:** c
- **Date of Admission:** 2021-01-17
- **Doctor:** DOC_117
- **Hospital:** HOSP_117
- **Insurance Provider:** e
- **Billing Amount:** 20228
- **Room Number:** 249
- **Admission Type:** a
- **Discharge Date:** 2021-07-31
- **Medication:** d
- **Test Results:** b

### Respondent 35

- **Age:** 61
- **Gender:** b
- **Blood Type:** e
- **Medical Condition:** d
- **Date of Admission:** 2019-11-21
- **Doctor:** DOC_35
- **Hospital:** HOSP_35
- **Insurance Provider:** d
- **Billing Amount:** 10284
- **Room Number:** 371
- **Admission Type:** b
- **Discharge Date:** 2019-12-28
- **Medication:** e
- **Test Results:** a

### Respondent 119

- **Age:** 23
- **Gender:** a
- **Blood Type:** b
- **Medical Condition:** f
- **Date of Admission:** 2022-04-08
- **Doctor:** DOC_119
- **Hospital:** HOSP_119
- **Insurance Provider:** e
- **Billing Amount:** 6768
- **Room Number:** 157
- **Admission Type:** a
- **Discharge Date:** 2022-04-09
- **Medication:** c
- **Test Results:** a

### Respondent 136

- **Age:** 22
- **Gender:** b
- **Blood Type:** a
- **Medical Condition:** d
- **Date of Admission:** 2023-06-25
- **Doctor:** DOC_136
- **Hospital:** HOSP_136
- **Insurance Provider:** e
- **Billing Amount:** 4398
- **Room Number:** 456
- **Admission Type:** c
- **Discharge Date:** 2023-07-05
- **Medication:** b
- **Test Results:** a

### Respondent 144

- **Age:** 44
- **Gender:** a
- **Blood Type:** a
- **Medical Condition:** c
- **Date of Admission:** 2022-09-22
- **Doctor:** DOC_144
- **Hospital:** HOSP_144
- **Insurance Provider:** a
- **Billing Amount:** 16320
- **Room Number:** 465
- **Admission Type:** c
- **Discharge Date:** 2022-11-07
- **Medication:** e
- **Test Results:** a

### Respondent 82

- **Age:** 82
- **Gender:** b
- **Blood Type:** c
- **Medical Condition:** d
- **Date of Admission:** 2020-07-10
- **Doctor:** DOC_82
- **Hospital:** HOSP_82
- **Insurance Provider:** a
- **Billing Amount:** 47985
- **Room Number:** 320
- **Admission Type:** a
- **Discharge Date:** 2020-07-14
- **Medication:** a
- **Test Results:** a

### Respondent 114

- **Age:** 81
- **Gender:** a
- **Blood Type:** d
- **Medical Condition:** d
- **Date of Admission:** 2024-01-04
- **Doctor:** DOC_114
- **Hospital:** HOSP_114
- **Insurance Provider:** b
- **Billing Amount:** 20258
- **Room Number:** 250
- **Admission Type:** a
- **Discharge Date:** 2023-11-08
- **Medication:** e
- **Test Results:** a


</questionnaire>

<role>
You are a meticulous data analyst AI. Your primary function is to accurately analyze structured data and provide precise, verifiable answers.
</role>

<format>
You will be given a dataset with two key parts:

A 'questions' section: This is your data dictionary or schema. It is the single source of truth for understanding what each field and score means. Refer to it carefully.

A 'responses' section: This contains the raw data from each individual respondent.

To answer the question correctly, you must first use the 'questions' schema to fully understand the context and meaning of the data points within the 'responses'. Do not rely on any prior knowledge outside of this provided data. Base your entire analysis on the information given.
</format>

<output>
Provide your final answer directly and concisely. Output must be the human-readable value, not an option code.

Rules:
- For MCQ fields, map any letter codes in the Responses (case-insensitive) to the corresponding option text from the Questions schema, and output only that text. Do NOT include the letter or both.
  Example: If the schema is ""[MCQ: A. Abnormal B. Inconclusive C. Normal]"" and the response is ""a"", output ""Abnormal"".
- For open-ended fields, output the exact text value.
- If the question asks for a count, provide only the number (e.g., ""42"").
- If the question asks for a list of names or IDs, provide a simple comma-separated list (e.g., ""17, 21, 23"").
- Preserve capitalization exactly as in the schema (e.g., output ""Abnormal"", not ""abnormal"" or ""A"").
</output>

<task>
Find all respondents whose billing amount is between 13115 and 39267.
</task>",,False
case_4,answer_reverse_lookup,Find all respondents whose billing amount is between 27216 and 43551.,"# Survey Data

## Questions

- **Age:** What is your age? [Open-ended]
- **Gender:** What is your gender? [MCQ: A. Female B. Male]
- **Blood Type:** What is your blood type? [MCQ: A. A+ B. A- C. AB+ D. AB- E. B+ F. B- G. O+ H. O-]
- **Medical Condition:** What is your medical condition? [MCQ: A. Arthritis B. Asthma C. Cancer D. Diabetes E. Hypertension F. Obesity]
- **Date of Admission:** What is your date of admission? [Open-ended]
- **Doctor:** What is your doctor? [Open-ended]
- **Hospital:** What is your hospital? [Open-ended]
- **Insurance Provider:** What is your insurance provider? [MCQ: A. Aetna B. Blue Cross C. Cigna D. Medicare E. UnitedHealthcare]
- **Billing Amount:** What is your billing amount? [Open-ended]
- **Room Number:** What is your room number? [Open-ended]
- **Admission Type:** What is your admission type? [MCQ: A. Elective B. Emergency C. Urgent]
- **Discharge Date:** What is your discharge date? [Open-ended]
- **Medication:** What is your medication? [MCQ: A. Aspirin B. Ibuprofen C. Lipitor D. Paracetamol E. Penicillin]
- **Test Results:** What is your test results? [MCQ: A. Abnormal B. Inconclusive C. Normal]

## Responses

### Respondent 141

- **Age:** 26
- **Gender:** a
- **Blood Type:** c
- **Medical Condition:** b
- **Date of Admission:** 2020-10-26
- **Doctor:** DOC_141
- **Hospital:** HOSP_141
- **Insurance Provider:** d
- **Billing Amount:** 46378
- **Room Number:** 226
- **Admission Type:** a
- **Discharge Date:** 2021-02-04
- **Medication:** c
- **Test Results:** a

### Respondent 115

- **Age:** 82
- **Gender:** b
- **Blood Type:** e
- **Medical Condition:** e
- **Date of Admission:** 2021-07-30
- **Doctor:** DOC_115
- **Hospital:** HOSP_115
- **Insurance Provider:** e
- **Billing Amount:** 40693
- **Room Number:** 277
- **Admission Type:** c
- **Discharge Date:** 2021-12-09
- **Medication:** c
- **Test Results:** c

### Respondent 41

- **Age:** 44
- **Gender:** b
- **Blood Type:** g
- **Medical Condition:** f
- **Date of Admission:** 2021-09-10
- **Doctor:** DOC_41
- **Hospital:** HOSP_41
- **Insurance Provider:** d
- **Billing Amount:** 32974
- **Room Number:** 389
- **Admission Type:** a
- **Discharge Date:** 2021-09-18
- **Medication:** d
- **Test Results:** a

### Respondent 122

- **Age:** 73
- **Gender:** a
- **Blood Type:** h
- **Medical Condition:** d
- **Date of Admission:** 2021-12-26
- **Doctor:** DOC_122
- **Hospital:** HOSP_122
- **Insurance Provider:** c
- **Billing Amount:** 48996
- **Room Number:** 104
- **Admission Type:** b
- **Discharge Date:** 2022-05-20
- **Medication:** c
- **Test Results:** a

### Respondent 116

- **Age:** 84
- **Gender:** a
- **Blood Type:** g
- **Medical Condition:** f
- **Date of Admission:** 2020-06-23
- **Doctor:** DOC_116
- **Hospital:** HOSP_116
- **Insurance Provider:** a
- **Billing Amount:** 40015
- **Room Number:** 211
- **Admission Type:** c
- **Discharge Date:** 2020-06-22
- **Medication:** b
- **Test Results:** c

### Respondent 67

- **Age:** 21
- **Gender:** a
- **Blood Type:** a
- **Medical Condition:** c
- **Date of Admission:** 2021-11-19
- **Doctor:** DOC_67
- **Hospital:** HOSP_67
- **Insurance Provider:** c
- **Billing Amount:** 42685
- **Room Number:** 288
- **Admission Type:** b
- **Discharge Date:** 2021-12-12
- **Medication:** d
- **Test Results:** b

### Respondent 64

- **Age:** 74
- **Gender:** a
- **Blood Type:** a
- **Medical Condition:** d
- **Date of Admission:** 2019-12-09
- **Doctor:** DOC_64
- **Hospital:** HOSP_64
- **Insurance Provider:** c
- **Billing Amount:** 45354
- **Room Number:** 135
- **Admission Type:** a
- **Discharge Date:** 2020-02-09
- **Medication:** e
- **Test Results:** a

### Respondent 71

- **Age:** 52
- **Gender:** b
- **Blood Type:** f
- **Medical Condition:** d
- **Date of Admission:** 2022-09-14
- **Doctor:** DOC_71
- **Hospital:** HOSP_71
- **Insurance Provider:** b
- **Billing Amount:** 31486
- **Room Number:** 212
- **Admission Type:** a
- **Discharge Date:** 2022-10-07
- **Medication:** a
- **Test Results:** c

### Respondent 134

- **Age:** 55
- **Gender:** b
- **Blood Type:** d
- **Medical Condition:** f
- **Date of Admission:** 2021-12-01
- **Doctor:** DOC_134
- **Hospital:** HOSP_134
- **Insurance Provider:** d
- **Billing Amount:** 37910
- **Room Number:** 428
- **Admission Type:** b
- **Discharge Date:** 2022-01-15
- **Medication:** a
- **Test Results:** a

### Respondent 125

- **Age:** 20
- **Gender:** a
- **Blood Type:** a
- **Medical Condition:** a
- **Date of Admission:** 2020-03-08
- **Doctor:** DOC_125
- **Hospital:** HOSP_125
- **Insurance Provider:** d
- **Billing Amount:** 21772
- **Room Number:** 244
- **Admission Type:** a
- **Discharge Date:** 2020-02-12
- **Medication:** e
- **Test Results:** c

### Respondent 62

- **Age:** 27
- **Gender:** b
- **Blood Type:** g
- **Medical Condition:** c
- **Date of Admission:** 2024-02-22
- **Doctor:** DOC_62
- **Hospital:** HOSP_62
- **Insurance Provider:** d
- **Billing Amount:** 44437
- **Room Number:** 376
- **Admission Type:** a
- **Discharge Date:** 2024-02-04
- **Medication:** b
- **Test Results:** a

","115, 41, 116, 67, 71, 134","<example>
List all respondents with doctor = 'DOC_107' and hospital = 'HOSP_148'.

DATA:

# Survey Data

## Questions

- **Age:** What is your age? [Open-ended]
- **Gender:** What is your gender? [MCQ: A. Female B. Male]
- **Blood Type:** What is your blood type? [MCQ: A. A+ B. A- C. AB+ D. AB- E. B+ F. B- G. O+ H. O-]
- **Medical Condition:** What is your medical condition? [MCQ: A. Arthritis B. Asthma C. Cancer D. Diabetes E. Hypertension F. Obesity]
- **Date of Admission:** What is your date of admission? [Open-ended]
- **Doctor:** What is your doctor? [Open-ended]
- **Hospital:** What is your hospital? [Open-ended]
- **Insurance Provider:** What is your insurance provider? [MCQ: A. Aetna B. Blue Cross C. Cigna D. Medicare E. UnitedHealthcare]
- **Billing Amount:** What is your billing amount? [Open-ended]
- **Room Number:** What is your room number? [Open-ended]
- **Admission Type:** What is your admission type? [MCQ: A. Elective B. Emergency C. Urgent]
- **Discharge Date:** What is your discharge date? [Open-ended]
- **Medication:** What is your medication? [MCQ: A. Aspirin B. Ibuprofen C. Lipitor D. Paracetamol E. Penicillin]
- **Test Results:** What is your test results? [MCQ: A. Abnormal B. Inconclusive C. Normal]

## Responses

### Respondent 141

- **Age:** 26
- **Gender:** a
- **Blood Type:** c
- **Medical Condition:** b
- **Date of Admission:** 2020-10-26
- **Doctor:** DOC_141
- **Hospital:** HOSP_141
- **Insurance Provider:** d
- **Billing Amount:** 46378
- **Room Number:** 226
- **Admission Type:** a
- **Discharge Date:** 2021-02-04
- **Medication:** c
- **Test Results:** a

### Respondent 115

- **Age:** 82
- **Gender:** b
- **Blood Type:** e
- **Medical Condition:** e
- **Date of Admission:** 2021-07-30
- **Doctor:** DOC_115
- **Hospital:** HOSP_115
- **Insurance Provider:** e
- **Billing Amount:** 40693
- **Room Number:** 277
- **Admission Type:** c
- **Discharge Date:** 2021-12-09
- **Medication:** c
- **Test Results:** c

### Respondent 41

- **Age:** 44
- **Gender:** b
- **Blood Type:** g
- **Medical Condition:** f
- **Date of Admission:** 2021-09-10
- **Doctor:** DOC_41
- **Hospital:** HOSP_41
- **Insurance Provider:** d
- **Billing Amount:** 32974
- **Room Number:** 389
- **Admission Type:** a
- **Discharge Date:** 2021-09-18
- **Medication:** d
- **Test Results:** a

### Respondent 122

- **Age:** 73
- **Gender:** a
- **Blood Type:** h
- **Medical Condition:** d
- **Date of Admission:** 2021-12-26
- **Doctor:** DOC_122
- **Hospital:** HOSP_122
- **Insurance Provider:** c
- **Billing Amount:** 48996
- **Room Number:** 104
- **Admission Type:** b
- **Discharge Date:** 2022-05-20
- **Medication:** c
- **Test Results:** a

### Respondent 116

- **Age:** 84
- **Gender:** a
- **Blood Type:** g
- **Medical Condition:** f
- **Date of Admission:** 2020-06-23
- **Doctor:** DOC_116
- **Hospital:** HOSP_116
- **Insurance Provider:** a
- **Billing Amount:** 40015
- **Room Number:** 211
- **Admission Type:** c
- **Discharge Date:** 2020-06-22
- **Medication:** b
- **Test Results:** c

### Respondent 67

- **Age:** 21
- **Gender:** a
- **Blood Type:** a
- **Medical Condition:** c
- **Date of Admission:** 2021-11-19
- **Doctor:** DOC_67
- **Hospital:** HOSP_67
- **Insurance Provider:** c
- **Billing Amount:** 42685
- **Room Number:** 288
- **Admission Type:** b
- **Discharge Date:** 2021-12-12
- **Medication:** d
- **Test Results:** b

### Respondent 64

- **Age:** 74
- **Gender:** a
- **Blood Type:** a
- **Medical Condition:** d
- **Date of Admission:** 2019-12-09
- **Doctor:** DOC_64
- **Hospital:** HOSP_64
- **Insurance Provider:** c
- **Billing Amount:** 45354
- **Room Number:** 135
- **Admission Type:** a
- **Discharge Date:** 2020-02-09
- **Medication:** e
- **Test Results:** a

### Respondent 71

- **Age:** 52
- **Gender:** b
- **Blood Type:** f
- **Medical Condition:** d
- **Date of Admission:** 2022-09-14
- **Doctor:** DOC_71
- **Hospital:** HOSP_71
- **Insurance Provider:** b
- **Billing Amount:** 31486
- **Room Number:** 212
- **Admission Type:** a
- **Discharge Date:** 2022-10-07
- **Medication:** a
- **Test Results:** c

### Respondent 134

- **Age:** 55
- **Gender:** b
- **Blood Type:** d
- **Medical Condition:** f
- **Date of Admission:** 2021-12-01
- **Doctor:** DOC_134
- **Hospital:** HOSP_134
- **Insurance Provider:** d
- **Billing Amount:** 37910
- **Room Number:** 428
- **Admission Type:** b
- **Discharge Date:** 2022-01-15
- **Medication:** a
- **Test Results:** a

### Respondent 125

- **Age:** 20
- **Gender:** a
- **Blood Type:** a
- **Medical Condition:** a
- **Date of Admission:** 2020-03-08
- **Doctor:** DOC_125
- **Hospital:** HOSP_125
- **Insurance Provider:** d
- **Billing Amount:** 21772
- **Room Number:** 244
- **Admission Type:** a
- **Discharge Date:** 2020-02-12
- **Medication:** e
- **Test Results:** c

### Respondent 62

- **Age:** 27
- **Gender:** b
- **Blood Type:** g
- **Medical Condition:** c
- **Date of Admission:** 2024-02-22
- **Doctor:** DOC_62
- **Hospital:** HOSP_62
- **Insurance Provider:** d
- **Billing Amount:** 44437
- **Room Number:** 376
- **Admission Type:** a
- **Discharge Date:** 2024-02-04
- **Medication:** b
- **Test Results:** a



Answer: None
</example>

<questionnaire>
# Survey Data

## Questions

- **Age:** What is your age? [Open-ended]
- **Gender:** What is your gender? [MCQ: A. Female B. Male]
- **Blood Type:** What is your blood type? [MCQ: A. A+ B. A- C. AB+ D. AB- E. B+ F. B- G. O+ H. O-]
- **Medical Condition:** What is your medical condition? [MCQ: A. Arthritis B. Asthma C. Cancer D. Diabetes E. Hypertension F. Obesity]
- **Date of Admission:** What is your date of admission? [Open-ended]
- **Doctor:** What is your doctor? [Open-ended]
- **Hospital:** What is your hospital? [Open-ended]
- **Insurance Provider:** What is your insurance provider? [MCQ: A. Aetna B. Blue Cross C. Cigna D. Medicare E. UnitedHealthcare]
- **Billing Amount:** What is your billing amount? [Open-ended]
- **Room Number:** What is your room number? [Open-ended]
- **Admission Type:** What is your admission type? [MCQ: A. Elective B. Emergency C. Urgent]
- **Discharge Date:** What is your discharge date? [Open-ended]
- **Medication:** What is your medication? [MCQ: A. Aspirin B. Ibuprofen C. Lipitor D. Paracetamol E. Penicillin]
- **Test Results:** What is your test results? [MCQ: A. Abnormal B. Inconclusive C. Normal]

## Responses

### Respondent 141

- **Age:** 26
- **Gender:** a
- **Blood Type:** c
- **Medical Condition:** b
- **Date of Admission:** 2020-10-26
- **Doctor:** DOC_141
- **Hospital:** HOSP_141
- **Insurance Provider:** d
- **Billing Amount:** 46378
- **Room Number:** 226
- **Admission Type:** a
- **Discharge Date:** 2021-02-04
- **Medication:** c
- **Test Results:** a

### Respondent 115

- **Age:** 82
- **Gender:** b
- **Blood Type:** e
- **Medical Condition:** e
- **Date of Admission:** 2021-07-30
- **Doctor:** DOC_115
- **Hospital:** HOSP_115
- **Insurance Provider:** e
- **Billing Amount:** 40693
- **Room Number:** 277
- **Admission Type:** c
- **Discharge Date:** 2021-12-09
- **Medication:** c
- **Test Results:** c

### Respondent 41

- **Age:** 44
- **Gender:** b
- **Blood Type:** g
- **Medical Condition:** f
- **Date of Admission:** 2021-09-10
- **Doctor:** DOC_41
- **Hospital:** HOSP_41
- **Insurance Provider:** d
- **Billing Amount:** 32974
- **Room Number:** 389
- **Admission Type:** a
- **Discharge Date:** 2021-09-18
- **Medication:** d
- **Test Results:** a

### Respondent 122

- **Age:** 73
- **Gender:** a
- **Blood Type:** h
- **Medical Condition:** d
- **Date of Admission:** 2021-12-26
- **Doctor:** DOC_122
- **Hospital:** HOSP_122
- **Insurance Provider:** c
- **Billing Amount:** 48996
- **Room Number:** 104
- **Admission Type:** b
- **Discharge Date:** 2022-05-20
- **Medication:** c
- **Test Results:** a

### Respondent 116

- **Age:** 84
- **Gender:** a
- **Blood Type:** g
- **Medical Condition:** f
- **Date of Admission:** 2020-06-23
- **Doctor:** DOC_116
- **Hospital:** HOSP_116
- **Insurance Provider:** a
- **Billing Amount:** 40015
- **Room Number:** 211
- **Admission Type:** c
- **Discharge Date:** 2020-06-22
- **Medication:** b
- **Test Results:** c

### Respondent 67

- **Age:** 21
- **Gender:** a
- **Blood Type:** a
- **Medical Condition:** c
- **Date of Admission:** 2021-11-19
- **Doctor:** DOC_67
- **Hospital:** HOSP_67
- **Insurance Provider:** c
- **Billing Amount:** 42685
- **Room Number:** 288
- **Admission Type:** b
- **Discharge Date:** 2021-12-12
- **Medication:** d
- **Test Results:** b

### Respondent 64

- **Age:** 74
- **Gender:** a
- **Blood Type:** a
- **Medical Condition:** d
- **Date of Admission:** 2019-12-09
- **Doctor:** DOC_64
- **Hospital:** HOSP_64
- **Insurance Provider:** c
- **Billing Amount:** 45354
- **Room Number:** 135
- **Admission Type:** a
- **Discharge Date:** 2020-02-09
- **Medication:** e
- **Test Results:** a

### Respondent 71

- **Age:** 52
- **Gender:** b
- **Blood Type:** f
- **Medical Condition:** d
- **Date of Admission:** 2022-09-14
- **Doctor:** DOC_71
- **Hospital:** HOSP_71
- **Insurance Provider:** b
- **Billing Amount:** 31486
- **Room Number:** 212
- **Admission Type:** a
- **Discharge Date:** 2022-10-07
- **Medication:** a
- **Test Results:** c

### Respondent 134

- **Age:** 55
- **Gender:** b
- **Blood Type:** d
- **Medical Condition:** f
- **Date of Admission:** 2021-12-01
- **Doctor:** DOC_134
- **Hospital:** HOSP_134
- **Insurance Provider:** d
- **Billing Amount:** 37910
- **Room Number:** 428
- **Admission Type:** b
- **Discharge Date:** 2022-01-15
- **Medication:** a
- **Test Results:** a

### Respondent 125

- **Age:** 20
- **Gender:** a
- **Blood Type:** a
- **Medical Condition:** a
- **Date of Admission:** 2020-03-08
- **Doctor:** DOC_125
- **Hospital:** HOSP_125
- **Insurance Provider:** d
- **Billing Amount:** 21772
- **Room Number:** 244
- **Admission Type:** a
- **Discharge Date:** 2020-02-12
- **Medication:** e
- **Test Results:** c

### Respondent 62

- **Age:** 27
- **Gender:** b
- **Blood Type:** g
- **Medical Condition:** c
- **Date of Admission:** 2024-02-22
- **Doctor:** DOC_62
- **Hospital:** HOSP_62
- **Insurance Provider:** d
- **Billing Amount:** 44437
- **Room Number:** 376
- **Admission Type:** a
- **Discharge Date:** 2024-02-04
- **Medication:** b
- **Test Results:** a


</questionnaire>

<role>
You are a meticulous data analyst AI. Your primary function is to accurately analyze structured data and provide precise, verifiable answers.
</role>

<format>
You will be given a dataset with two key parts:

A 'questions' section: This is your data dictionary or schema. It is the single source of truth for understanding what each field and score means. Refer to it carefully.

A 'responses' section: This contains the raw data from each individual respondent.

To answer the question correctly, you must first use the 'questions' schema to fully understand the context and meaning of the data points within the 'responses'. Do not rely on any prior knowledge outside of this provided data. Base your entire analysis on the information given.
</format>

<output>
Provide your final answer directly and concisely. Output must be the human-readable value, not an option code.

Rules:
- For MCQ fields, map any letter codes in the Responses (case-insensitive) to the corresponding option text from the Questions schema, and output only that text. Do NOT include the letter or both.
  Example: If the schema is ""[MCQ: A. Abnormal B. Inconclusive C. Normal]"" and the response is ""a"", output ""Abnormal"".
- For open-ended fields, output the exact text value.
- If the question asks for a count, provide only the number (e.g., ""42"").
- If the question asks for a list of names or IDs, provide a simple comma-separated list (e.g., ""17, 21, 23"").
- Preserve capitalization exactly as in the schema (e.g., output ""Abnormal"", not ""abnormal"" or ""A"").
</output>

<task>
Find all respondents whose billing amount is between 27216 and 43551.
</task>",,False
case_5,answer_reverse_lookup,Which respondents have a medication of 'Aspirin'?,"# Survey Data

## Questions

- **Age:** What is your age? [Open-ended]
- **Gender:** What is your gender? [MCQ: A. Female B. Male]
- **Blood Type:** What is your blood type? [MCQ: A. A+ B. A- C. AB+ D. AB- E. B+ F. B- G. O+ H. O-]
- **Medical Condition:** What is your medical condition? [MCQ: A. Arthritis B. Asthma C. Cancer D. Diabetes E. Hypertension F. Obesity]
- **Date of Admission:** What is your date of admission? [Open-ended]
- **Doctor:** What is your doctor? [Open-ended]
- **Hospital:** What is your hospital? [Open-ended]
- **Insurance Provider:** What is your insurance provider? [MCQ: A. Aetna B. Blue Cross C. Cigna D. Medicare E. UnitedHealthcare]
- **Billing Amount:** What is your billing amount? [Open-ended]
- **Room Number:** What is your room number? [Open-ended]
- **Admission Type:** What is your admission type? [MCQ: A. Elective B. Emergency C. Urgent]
- **Discharge Date:** What is your discharge date? [Open-ended]
- **Medication:** What is your medication? [MCQ: A. Aspirin B. Ibuprofen C. Lipitor D. Paracetamol E. Penicillin]
- **Test Results:** What is your test results? [MCQ: A. Abnormal B. Inconclusive C. Normal]

## Responses

### Respondent 113

- **Age:** 36
- **Gender:** b
- **Blood Type:** b
- **Medical Condition:** e
- **Date of Admission:** 2021-05-14
- **Doctor:** DOC_113
- **Hospital:** HOSP_113
- **Insurance Provider:** b
- **Billing Amount:** 19328
- **Room Number:** 268
- **Admission Type:** a
- **Discharge Date:** 2021-03-20
- **Medication:** a
- **Test Results:** a

### Respondent 20

- **Age:** 65
- **Gender:** a
- **Blood Type:** b
- **Medical Condition:** b
- **Date of Admission:** 2023-05-12
- **Doctor:** DOC_20
- **Hospital:** HOSP_20
- **Insurance Provider:** d
- **Billing Amount:** -503
- **Room Number:** 114
- **Admission Type:** a
- **Discharge Date:** 2023-08-11
- **Medication:** a
- **Test Results:** c

### Respondent 74

- **Age:** 83
- **Gender:** b
- **Blood Type:** b
- **Medical Condition:** a
- **Date of Admission:** 2021-02-07
- **Doctor:** DOC_74
- **Hospital:** HOSP_74
- **Insurance Provider:** e
- **Billing Amount:** 40783
- **Room Number:** 425
- **Admission Type:** b
- **Discharge Date:** 2021-06-03
- **Medication:** a
- **Test Results:** a

### Respondent 61

- **Age:** 63
- **Gender:** b
- **Blood Type:** e
- **Medical Condition:** b
- **Date of Admission:** 2023-01-01
- **Doctor:** DOC_61
- **Hospital:** HOSP_61
- **Insurance Provider:** c
- **Billing Amount:** 23500
- **Room Number:** 478
- **Admission Type:** a
- **Discharge Date:** 2022-11-25
- **Medication:** e
- **Test Results:** a

### Respondent 70

- **Age:** 49
- **Gender:** b
- **Blood Type:** b
- **Medical Condition:** d
- **Date of Admission:** 2019-07-09
- **Doctor:** DOC_70
- **Hospital:** HOSP_70
- **Insurance Provider:** d
- **Billing Amount:** 32643
- **Room Number:** 424
- **Admission Type:** a
- **Discharge Date:** 2019-09-01
- **Medication:** e
- **Test Results:** b

### Respondent 86

- **Age:** 80
- **Gender:** a
- **Blood Type:** a
- **Medical Condition:** e
- **Date of Admission:** 2021-12-19
- **Doctor:** DOC_86
- **Hospital:** HOSP_86
- **Insurance Provider:** d
- **Billing Amount:** 21784
- **Room Number:** 302
- **Admission Type:** a
- **Discharge Date:** 2021-10-14
- **Medication:** b
- **Test Results:** c

### Respondent 82

- **Age:** 82
- **Gender:** b
- **Blood Type:** c
- **Medical Condition:** d
- **Date of Admission:** 2020-07-10
- **Doctor:** DOC_82
- **Hospital:** HOSP_82
- **Insurance Provider:** a
- **Billing Amount:** 47985
- **Room Number:** 320
- **Admission Type:** a
- **Discharge Date:** 2020-07-14
- **Medication:** a
- **Test Results:** a

### Respondent 139

- **Age:** 33
- **Gender:** 
- **Blood Type:** f
- **Medical Condition:** b
- **Date of Admission:** 2024-02-06
- **Doctor:** DOC_139
- **Hospital:** HOSP_139
- **Insurance Provider:** b
- **Billing Amount:** 18843
- **Room Number:** 330
- **Admission Type:** c
- **Discharge Date:** 2024-02-03
- **Medication:** a
- **Test Results:** c

### Respondent 21

- **Age:** 57
- **Gender:** b
- **Blood Type:** e
- **Medical Condition:** a
- **Date of Admission:** 2021-11-13
- **Doctor:** DOC_21
- **Hospital:** HOSP_21
- **Insurance Provider:** e
- **Billing Amount:** 45586
- **Room Number:** 251
- **Admission Type:** b
- **Discharge Date:** 2021-08-19
- **Medication:** e
- **Test Results:** b

","113, 20, 74, 82, 139","<example>
List all respondents with doctor = 'DOC_107' and hospital = 'HOSP_148'.

DATA:

# Survey Data

## Questions

- **Age:** What is your age? [Open-ended]
- **Gender:** What is your gender? [MCQ: A. Female B. Male]
- **Blood Type:** What is your blood type? [MCQ: A. A+ B. A- C. AB+ D. AB- E. B+ F. B- G. O+ H. O-]
- **Medical Condition:** What is your medical condition? [MCQ: A. Arthritis B. Asthma C. Cancer D. Diabetes E. Hypertension F. Obesity]
- **Date of Admission:** What is your date of admission? [Open-ended]
- **Doctor:** What is your doctor? [Open-ended]
- **Hospital:** What is your hospital? [Open-ended]
- **Insurance Provider:** What is your insurance provider? [MCQ: A. Aetna B. Blue Cross C. Cigna D. Medicare E. UnitedHealthcare]
- **Billing Amount:** What is your billing amount? [Open-ended]
- **Room Number:** What is your room number? [Open-ended]
- **Admission Type:** What is your admission type? [MCQ: A. Elective B. Emergency C. Urgent]
- **Discharge Date:** What is your discharge date? [Open-ended]
- **Medication:** What is your medication? [MCQ: A. Aspirin B. Ibuprofen C. Lipitor D. Paracetamol E. Penicillin]
- **Test Results:** What is your test results? [MCQ: A. Abnormal B. Inconclusive C. Normal]

## Responses

### Respondent 113

- **Age:** 36
- **Gender:** b
- **Blood Type:** b
- **Medical Condition:** e
- **Date of Admission:** 2021-05-14
- **Doctor:** DOC_113
- **Hospital:** HOSP_113
- **Insurance Provider:** b
- **Billing Amount:** 19328
- **Room Number:** 268
- **Admission Type:** a
- **Discharge Date:** 2021-03-20
- **Medication:** a
- **Test Results:** a

### Respondent 20

- **Age:** 65
- **Gender:** a
- **Blood Type:** b
- **Medical Condition:** b
- **Date of Admission:** 2023-05-12
- **Doctor:** DOC_20
- **Hospital:** HOSP_20
- **Insurance Provider:** d
- **Billing Amount:** -503
- **Room Number:** 114
- **Admission Type:** a
- **Discharge Date:** 2023-08-11
- **Medication:** a
- **Test Results:** c

### Respondent 74

- **Age:** 83
- **Gender:** b
- **Blood Type:** b
- **Medical Condition:** a
- **Date of Admission:** 2021-02-07
- **Doctor:** DOC_74
- **Hospital:** HOSP_74
- **Insurance Provider:** e
- **Billing Amount:** 40783
- **Room Number:** 425
- **Admission Type:** b
- **Discharge Date:** 2021-06-03
- **Medication:** a
- **Test Results:** a

### Respondent 61

- **Age:** 63
- **Gender:** b
- **Blood Type:** e
- **Medical Condition:** b
- **Date of Admission:** 2023-01-01
- **Doctor:** DOC_61
- **Hospital:** HOSP_61
- **Insurance Provider:** c
- **Billing Amount:** 23500
- **Room Number:** 478
- **Admission Type:** a
- **Discharge Date:** 2022-11-25
- **Medication:** e
- **Test Results:** a

### Respondent 70

- **Age:** 49
- **Gender:** b
- **Blood Type:** b
- **Medical Condition:** d
- **Date of Admission:** 2019-07-09
- **Doctor:** DOC_70
- **Hospital:** HOSP_70
- **Insurance Provider:** d
- **Billing Amount:** 32643
- **Room Number:** 424
- **Admission Type:** a
- **Discharge Date:** 2019-09-01
- **Medication:** e
- **Test Results:** b

### Respondent 86

- **Age:** 80
- **Gender:** a
- **Blood Type:** a
- **Medical Condition:** e
- **Date of Admission:** 2021-12-19
- **Doctor:** DOC_86
- **Hospital:** HOSP_86
- **Insurance Provider:** d
- **Billing Amount:** 21784
- **Room Number:** 302
- **Admission Type:** a
- **Discharge Date:** 2021-10-14
- **Medication:** b
- **Test Results:** c

### Respondent 82

- **Age:** 82
- **Gender:** b
- **Blood Type:** c
- **Medical Condition:** d
- **Date of Admission:** 2020-07-10
- **Doctor:** DOC_82
- **Hospital:** HOSP_82
- **Insurance Provider:** a
- **Billing Amount:** 47985
- **Room Number:** 320
- **Admission Type:** a
- **Discharge Date:** 2020-07-14
- **Medication:** a
- **Test Results:** a

### Respondent 139

- **Age:** 33
- **Gender:** 
- **Blood Type:** f
- **Medical Condition:** b
- **Date of Admission:** 2024-02-06
- **Doctor:** DOC_139
- **Hospital:** HOSP_139
- **Insurance Provider:** b
- **Billing Amount:** 18843
- **Room Number:** 330
- **Admission Type:** c
- **Discharge Date:** 2024-02-03
- **Medication:** a
- **Test Results:** c

### Respondent 21

- **Age:** 57
- **Gender:** b
- **Blood Type:** e
- **Medical Condition:** a
- **Date of Admission:** 2021-11-13
- **Doctor:** DOC_21
- **Hospital:** HOSP_21
- **Insurance Provider:** e
- **Billing Amount:** 45586
- **Room Number:** 251
- **Admission Type:** b
- **Discharge Date:** 2021-08-19
- **Medication:** e
- **Test Results:** b



Answer: None
</example>

<questionnaire>
# Survey Data

## Questions

- **Age:** What is your age? [Open-ended]
- **Gender:** What is your gender? [MCQ: A. Female B. Male]
- **Blood Type:** What is your blood type? [MCQ: A. A+ B. A- C. AB+ D. AB- E. B+ F. B- G. O+ H. O-]
- **Medical Condition:** What is your medical condition? [MCQ: A. Arthritis B. Asthma C. Cancer D. Diabetes E. Hypertension F. Obesity]
- **Date of Admission:** What is your date of admission? [Open-ended]
- **Doctor:** What is your doctor? [Open-ended]
- **Hospital:** What is your hospital? [Open-ended]
- **Insurance Provider:** What is your insurance provider? [MCQ: A. Aetna B. Blue Cross C. Cigna D. Medicare E. UnitedHealthcare]
- **Billing Amount:** What is your billing amount? [Open-ended]
- **Room Number:** What is your room number? [Open-ended]
- **Admission Type:** What is your admission type? [MCQ: A. Elective B. Emergency C. Urgent]
- **Discharge Date:** What is your discharge date? [Open-ended]
- **Medication:** What is your medication? [MCQ: A. Aspirin B. Ibuprofen C. Lipitor D. Paracetamol E. Penicillin]
- **Test Results:** What is your test results? [MCQ: A. Abnormal B. Inconclusive C. Normal]

## Responses

### Respondent 113

- **Age:** 36
- **Gender:** b
- **Blood Type:** b
- **Medical Condition:** e
- **Date of Admission:** 2021-05-14
- **Doctor:** DOC_113
- **Hospital:** HOSP_113
- **Insurance Provider:** b
- **Billing Amount:** 19328
- **Room Number:** 268
- **Admission Type:** a
- **Discharge Date:** 2021-03-20
- **Medication:** a
- **Test Results:** a

### Respondent 20

- **Age:** 65
- **Gender:** a
- **Blood Type:** b
- **Medical Condition:** b
- **Date of Admission:** 2023-05-12
- **Doctor:** DOC_20
- **Hospital:** HOSP_20
- **Insurance Provider:** d
- **Billing Amount:** -503
- **Room Number:** 114
- **Admission Type:** a
- **Discharge Date:** 2023-08-11
- **Medication:** a
- **Test Results:** c

### Respondent 74

- **Age:** 83
- **Gender:** b
- **Blood Type:** b
- **Medical Condition:** a
- **Date of Admission:** 2021-02-07
- **Doctor:** DOC_74
- **Hospital:** HOSP_74
- **Insurance Provider:** e
- **Billing Amount:** 40783
- **Room Number:** 425
- **Admission Type:** b
- **Discharge Date:** 2021-06-03
- **Medication:** a
- **Test Results:** a

### Respondent 61

- **Age:** 63
- **Gender:** b
- **Blood Type:** e
- **Medical Condition:** b
- **Date of Admission:** 2023-01-01
- **Doctor:** DOC_61
- **Hospital:** HOSP_61
- **Insurance Provider:** c
- **Billing Amount:** 23500
- **Room Number:** 478
- **Admission Type:** a
- **Discharge Date:** 2022-11-25
- **Medication:** e
- **Test Results:** a

### Respondent 70

- **Age:** 49
- **Gender:** b
- **Blood Type:** b
- **Medical Condition:** d
- **Date of Admission:** 2019-07-09
- **Doctor:** DOC_70
- **Hospital:** HOSP_70
- **Insurance Provider:** d
- **Billing Amount:** 32643
- **Room Number:** 424
- **Admission Type:** a
- **Discharge Date:** 2019-09-01
- **Medication:** e
- **Test Results:** b

### Respondent 86

- **Age:** 80
- **Gender:** a
- **Blood Type:** a
- **Medical Condition:** e
- **Date of Admission:** 2021-12-19
- **Doctor:** DOC_86
- **Hospital:** HOSP_86
- **Insurance Provider:** d
- **Billing Amount:** 21784
- **Room Number:** 302
- **Admission Type:** a
- **Discharge Date:** 2021-10-14
- **Medication:** b
- **Test Results:** c

### Respondent 82

- **Age:** 82
- **Gender:** b
- **Blood Type:** c
- **Medical Condition:** d
- **Date of Admission:** 2020-07-10
- **Doctor:** DOC_82
- **Hospital:** HOSP_82
- **Insurance Provider:** a
- **Billing Amount:** 47985
- **Room Number:** 320
- **Admission Type:** a
- **Discharge Date:** 2020-07-14
- **Medication:** a
- **Test Results:** a

### Respondent 139

- **Age:** 33
- **Gender:** 
- **Blood Type:** f
- **Medical Condition:** b
- **Date of Admission:** 2024-02-06
- **Doctor:** DOC_139
- **Hospital:** HOSP_139
- **Insurance Provider:** b
- **Billing Amount:** 18843
- **Room Number:** 330
- **Admission Type:** c
- **Discharge Date:** 2024-02-03
- **Medication:** a
- **Test Results:** c

### Respondent 21

- **Age:** 57
- **Gender:** b
- **Blood Type:** e
- **Medical Condition:** a
- **Date of Admission:** 2021-11-13
- **Doctor:** DOC_21
- **Hospital:** HOSP_21
- **Insurance Provider:** e
- **Billing Amount:** 45586
- **Room Number:** 251
- **Admission Type:** b
- **Discharge Date:** 2021-08-19
- **Medication:** e
- **Test Results:** b


</questionnaire>

<role>
You are a meticulous data analyst AI. Your primary function is to accurately analyze structured data and provide precise, verifiable answers.
</role>

<format>
You will be given a dataset with two key parts:

A 'questions' section: This is your data dictionary or schema. It is the single source of truth for understanding what each field and score means. Refer to it carefully.

A 'responses' section: This contains the raw data from each individual respondent.

To answer the question correctly, you must first use the 'questions' schema to fully understand the context and meaning of the data points within the 'responses'. Do not rely on any prior knowledge outside of this provided data. Base your entire analysis on the information given.
</format>

<output>
Provide your final answer directly and concisely. Output must be the human-readable value, not an option code.

Rules:
- For MCQ fields, map any letter codes in the Responses (case-insensitive) to the corresponding option text from the Questions schema, and output only that text. Do NOT include the letter or both.
  Example: If the schema is ""[MCQ: A. Abnormal B. Inconclusive C. Normal]"" and the response is ""a"", output ""Abnormal"".
- For open-ended fields, output the exact text value.
- If the question asks for a count, provide only the number (e.g., ""42"").
- If the question asks for a list of names or IDs, provide a simple comma-separated list (e.g., ""17, 21, 23"").
- Preserve capitalization exactly as in the schema (e.g., output ""Abnormal"", not ""abnormal"" or ""A"").
</output>

<task>
Which respondents have a medication of 'Aspirin'?
</task>",,False
case_6,answer_reverse_lookup,Which respondents have a doctor of 'DOC_107'?,"# Survey Data

## Questions

- **Age:** What is your age? [Open-ended]
- **Gender:** What is your gender? [MCQ: A. Female B. Male]
- **Blood Type:** What is your blood type? [MCQ: A. A+ B. A- C. AB+ D. AB- E. B+ F. B- G. O+ H. O-]
- **Medical Condition:** What is your medical condition? [MCQ: A. Arthritis B. Asthma C. Cancer D. Diabetes E. Hypertension F. Obesity]
- **Date of Admission:** What is your date of admission? [Open-ended]
- **Doctor:** What is your doctor? [Open-ended]
- **Hospital:** What is your hospital? [Open-ended]
- **Insurance Provider:** What is your insurance provider? [MCQ: A. Aetna B. Blue Cross C. Cigna D. Medicare E. UnitedHealthcare]
- **Billing Amount:** What is your billing amount? [Open-ended]
- **Room Number:** What is your room number? [Open-ended]
- **Admission Type:** What is your admission type? [MCQ: A. Elective B. Emergency C. Urgent]
- **Discharge Date:** What is your discharge date? [Open-ended]
- **Medication:** What is your medication? [MCQ: A. Aspirin B. Ibuprofen C. Lipitor D. Paracetamol E. Penicillin]
- **Test Results:** What is your test results? [MCQ: A. Abnormal B. Inconclusive C. Normal]

## Responses

### Respondent 39

- **Age:** 27
- **Gender:** b
- **Blood Type:** d
- **Medical Condition:** d
- **Date of Admission:** 2021-10-08
- **Doctor:** DOC_39
- **Hospital:** HOSP_39
- **Insurance Provider:** a
- **Billing Amount:** 45453
- **Room Number:** 255
- **Admission Type:** c
- **Discharge Date:** 2021-10-05
- **Medication:** e
- **Test Results:** a

### Respondent 60

- **Age:** 26
- **Gender:** b
- **Blood Type:** e
- **Medical Condition:** b
- **Date of Admission:** 2024-03-24
- **Doctor:** DOC_60
- **Hospital:** HOSP_60
- **Insurance Provider:** e
- **Billing Amount:** 37735
- **Room Number:** 494
- **Admission Type:** b
- **Discharge Date:** 2024-04-14
- **Medication:** e
- **Test Results:** c

### Respondent 99

- **Age:** 67
- **Gender:** b
- **Blood Type:** d
- **Medical Condition:** f
- **Date of Admission:** 2019-07-19
- **Doctor:** DOC_99
- **Hospital:** HOSP_99
- **Insurance Provider:** a
- **Billing Amount:** 2305
- **Room Number:** 418
- **Admission Type:** b
- **Discharge Date:** 2019-07-05
- **Medication:** c
- **Test Results:** b

### Respondent 40

- **Age:** 37
- **Gender:** a
- **Blood Type:** c
- **Medical Condition:** b
- **Date of Admission:** 2020-03-02
- **Doctor:** DOC_40
- **Hospital:** HOSP_40
- **Insurance Provider:** d
- **Billing Amount:** 17696
- **Room Number:** 380
- **Admission Type:** a
- **Discharge Date:** 2020-04-02
- **Medication:** b
- **Test Results:** a

### Respondent 55

- **Age:** 30
- **Gender:** b
- **Blood Type:** d
- **Medical Condition:** e
- **Date of Admission:** 2024-03-17
- **Doctor:** DOC_55
- **Hospital:** HOSP_55
- **Insurance Provider:** d
- **Billing Amount:** 32562
- **Room Number:** 430
- **Admission Type:** b
- **Discharge Date:** 2024-04-22
- **Medication:** d
- **Test Results:** b

### Respondent 17

- **Age:** 19
- **Gender:** a
- **Blood Type:** e
- **Medical Condition:** c
- **Date of Admission:** 2021-07-03
- **Doctor:** DOC_17
- **Hospital:** HOSP_17
- **Insurance Provider:** d
- **Billing Amount:** 34774
- **Room Number:** 182
- **Admission Type:** a
- **Discharge Date:** 2021-08-12
- **Medication:** b
- **Test Results:** a

### Respondent 107

- **Age:** 77
- **Gender:** a
- **Blood Type:** g
- **Medical Condition:** d
- **Date of Admission:** 2024-01-31
- **Doctor:** DOC_107
- **Hospital:** HOSP_107
- **Insurance Provider:** a
- **Billing Amount:** 3326
- **Room Number:** 227
- **Admission Type:** a
- **Discharge Date:** 2024-02-02
- **Medication:** a
- **Test Results:** a

",107,"<example>
List all respondents with doctor = 'DOC_107' and hospital = 'HOSP_148'.

DATA:

# Survey Data

## Questions

- **Age:** What is your age? [Open-ended]
- **Gender:** What is your gender? [MCQ: A. Female B. Male]
- **Blood Type:** What is your blood type? [MCQ: A. A+ B. A- C. AB+ D. AB- E. B+ F. B- G. O+ H. O-]
- **Medical Condition:** What is your medical condition? [MCQ: A. Arthritis B. Asthma C. Cancer D. Diabetes E. Hypertension F. Obesity]
- **Date of Admission:** What is your date of admission? [Open-ended]
- **Doctor:** What is your doctor? [Open-ended]
- **Hospital:** What is your hospital? [Open-ended]
- **Insurance Provider:** What is your insurance provider? [MCQ: A. Aetna B. Blue Cross C. Cigna D. Medicare E. UnitedHealthcare]
- **Billing Amount:** What is your billing amount? [Open-ended]
- **Room Number:** What is your room number? [Open-ended]
- **Admission Type:** What is your admission type? [MCQ: A. Elective B. Emergency C. Urgent]
- **Discharge Date:** What is your discharge date? [Open-ended]
- **Medication:** What is your medication? [MCQ: A. Aspirin B. Ibuprofen C. Lipitor D. Paracetamol E. Penicillin]
- **Test Results:** What is your test results? [MCQ: A. Abnormal B. Inconclusive C. Normal]

## Responses

### Respondent 39

- **Age:** 27
- **Gender:** b
- **Blood Type:** d
- **Medical Condition:** d
- **Date of Admission:** 2021-10-08
- **Doctor:** DOC_39
- **Hospital:** HOSP_39
- **Insurance Provider:** a
- **Billing Amount:** 45453
- **Room Number:** 255
- **Admission Type:** c
- **Discharge Date:** 2021-10-05
- **Medication:** e
- **Test Results:** a

### Respondent 60

- **Age:** 26
- **Gender:** b
- **Blood Type:** e
- **Medical Condition:** b
- **Date of Admission:** 2024-03-24
- **Doctor:** DOC_60
- **Hospital:** HOSP_60
- **Insurance Provider:** e
- **Billing Amount:** 37735
- **Room Number:** 494
- **Admission Type:** b
- **Discharge Date:** 2024-04-14
- **Medication:** e
- **Test Results:** c

### Respondent 99

- **Age:** 67
- **Gender:** b
- **Blood Type:** d
- **Medical Condition:** f
- **Date of Admission:** 2019-07-19
- **Doctor:** DOC_99
- **Hospital:** HOSP_99
- **Insurance Provider:** a
- **Billing Amount:** 2305
- **Room Number:** 418
- **Admission Type:** b
- **Discharge Date:** 2019-07-05
- **Medication:** c
- **Test Results:** b

### Respondent 40

- **Age:** 37
- **Gender:** a
- **Blood Type:** c
- **Medical Condition:** b
- **Date of Admission:** 2020-03-02
- **Doctor:** DOC_40
- **Hospital:** HOSP_40
- **Insurance Provider:** d
- **Billing Amount:** 17696
- **Room Number:** 380
- **Admission Type:** a
- **Discharge Date:** 2020-04-02
- **Medication:** b
- **Test Results:** a

### Respondent 55

- **Age:** 30
- **Gender:** b
- **Blood Type:** d
- **Medical Condition:** e
- **Date of Admission:** 2024-03-17
- **Doctor:** DOC_55
- **Hospital:** HOSP_55
- **Insurance Provider:** d
- **Billing Amount:** 32562
- **Room Number:** 430
- **Admission Type:** b
- **Discharge Date:** 2024-04-22
- **Medication:** d
- **Test Results:** b

### Respondent 17

- **Age:** 19
- **Gender:** a
- **Blood Type:** e
- **Medical Condition:** c
- **Date of Admission:** 2021-07-03
- **Doctor:** DOC_17
- **Hospital:** HOSP_17
- **Insurance Provider:** d
- **Billing Amount:** 34774
- **Room Number:** 182
- **Admission Type:** a
- **Discharge Date:** 2021-08-12
- **Medication:** b
- **Test Results:** a

### Respondent 107

- **Age:** 77
- **Gender:** a
- **Blood Type:** g
- **Medical Condition:** d
- **Date of Admission:** 2024-01-31
- **Doctor:** DOC_107
- **Hospital:** HOSP_107
- **Insurance Provider:** a
- **Billing Amount:** 3326
- **Room Number:** 227
- **Admission Type:** a
- **Discharge Date:** 2024-02-02
- **Medication:** a
- **Test Results:** a



Answer: None
</example>

<questionnaire>
# Survey Data

## Questions

- **Age:** What is your age? [Open-ended]
- **Gender:** What is your gender? [MCQ: A. Female B. Male]
- **Blood Type:** What is your blood type? [MCQ: A. A+ B. A- C. AB+ D. AB- E. B+ F. B- G. O+ H. O-]
- **Medical Condition:** What is your medical condition? [MCQ: A. Arthritis B. Asthma C. Cancer D. Diabetes E. Hypertension F. Obesity]
- **Date of Admission:** What is your date of admission? [Open-ended]
- **Doctor:** What is your doctor? [Open-ended]
- **Hospital:** What is your hospital? [Open-ended]
- **Insurance Provider:** What is your insurance provider? [MCQ: A. Aetna B. Blue Cross C. Cigna D. Medicare E. UnitedHealthcare]
- **Billing Amount:** What is your billing amount? [Open-ended]
- **Room Number:** What is your room number? [Open-ended]
- **Admission Type:** What is your admission type? [MCQ: A. Elective B. Emergency C. Urgent]
- **Discharge Date:** What is your discharge date? [Open-ended]
- **Medication:** What is your medication? [MCQ: A. Aspirin B. Ibuprofen C. Lipitor D. Paracetamol E. Penicillin]
- **Test Results:** What is your test results? [MCQ: A. Abnormal B. Inconclusive C. Normal]

## Responses

### Respondent 39

- **Age:** 27
- **Gender:** b
- **Blood Type:** d
- **Medical Condition:** d
- **Date of Admission:** 2021-10-08
- **Doctor:** DOC_39
- **Hospital:** HOSP_39
- **Insurance Provider:** a
- **Billing Amount:** 45453
- **Room Number:** 255
- **Admission Type:** c
- **Discharge Date:** 2021-10-05
- **Medication:** e
- **Test Results:** a

### Respondent 60

- **Age:** 26
- **Gender:** b
- **Blood Type:** e
- **Medical Condition:** b
- **Date of Admission:** 2024-03-24
- **Doctor:** DOC_60
- **Hospital:** HOSP_60
- **Insurance Provider:** e
- **Billing Amount:** 37735
- **Room Number:** 494
- **Admission Type:** b
- **Discharge Date:** 2024-04-14
- **Medication:** e
- **Test Results:** c

### Respondent 99

- **Age:** 67
- **Gender:** b
- **Blood Type:** d
- **Medical Condition:** f
- **Date of Admission:** 2019-07-19
- **Doctor:** DOC_99
- **Hospital:** HOSP_99
- **Insurance Provider:** a
- **Billing Amount:** 2305
- **Room Number:** 418
- **Admission Type:** b
- **Discharge Date:** 2019-07-05
- **Medication:** c
- **Test Results:** b

### Respondent 40

- **Age:** 37
- **Gender:** a
- **Blood Type:** c
- **Medical Condition:** b
- **Date of Admission:** 2020-03-02
- **Doctor:** DOC_40
- **Hospital:** HOSP_40
- **Insurance Provider:** d
- **Billing Amount:** 17696
- **Room Number:** 380
- **Admission Type:** a
- **Discharge Date:** 2020-04-02
- **Medication:** b
- **Test Results:** a

### Respondent 55

- **Age:** 30
- **Gender:** b
- **Blood Type:** d
- **Medical Condition:** e
- **Date of Admission:** 2024-03-17
- **Doctor:** DOC_55
- **Hospital:** HOSP_55
- **Insurance Provider:** d
- **Billing Amount:** 32562
- **Room Number:** 430
- **Admission Type:** b
- **Discharge Date:** 2024-04-22
- **Medication:** d
- **Test Results:** b

### Respondent 17

- **Age:** 19
- **Gender:** a
- **Blood Type:** e
- **Medical Condition:** c
- **Date of Admission:** 2021-07-03
- **Doctor:** DOC_17
- **Hospital:** HOSP_17
- **Insurance Provider:** d
- **Billing Amount:** 34774
- **Room Number:** 182
- **Admission Type:** a
- **Discharge Date:** 2021-08-12
- **Medication:** b
- **Test Results:** a

### Respondent 107

- **Age:** 77
- **Gender:** a
- **Blood Type:** g
- **Medical Condition:** d
- **Date of Admission:** 2024-01-31
- **Doctor:** DOC_107
- **Hospital:** HOSP_107
- **Insurance Provider:** a
- **Billing Amount:** 3326
- **Room Number:** 227
- **Admission Type:** a
- **Discharge Date:** 2024-02-02
- **Medication:** a
- **Test Results:** a


</questionnaire>

<role>
You are a meticulous data analyst AI. Your primary function is to accurately analyze structured data and provide precise, verifiable answers.
</role>

<format>
You will be given a dataset with two key parts:

A 'questions' section: This is your data dictionary or schema. It is the single source of truth for understanding what each field and score means. Refer to it carefully.

A 'responses' section: This contains the raw data from each individual respondent.

To answer the question correctly, you must first use the 'questions' schema to fully understand the context and meaning of the data points within the 'responses'. Do not rely on any prior knowledge outside of this provided data. Base your entire analysis on the information given.
</format>

<output>
Provide your final answer directly and concisely. Output must be the human-readable value, not an option code.

Rules:
- For MCQ fields, map any letter codes in the Responses (case-insensitive) to the corresponding option text from the Questions schema, and output only that text. Do NOT include the letter or both.
  Example: If the schema is ""[MCQ: A. Abnormal B. Inconclusive C. Normal]"" and the response is ""a"", output ""Abnormal"".
- For open-ended fields, output the exact text value.
- If the question asks for a count, provide only the number (e.g., ""42"").
- If the question asks for a list of names or IDs, provide a simple comma-separated list (e.g., ""17, 21, 23"").
- Preserve capitalization exactly as in the schema (e.g., output ""Abnormal"", not ""abnormal"" or ""A"").
</output>

<task>
Which respondents have a doctor of 'DOC_107'?
</task>",,False
case_7,answer_reverse_lookup,Find all respondents whose billing amount is between 12541 and 40186.,"# Survey Data

## Questions

- **Age:** What is your age? [Open-ended]
- **Gender:** What is your gender? [MCQ: A. Female B. Male]
- **Blood Type:** What is your blood type? [MCQ: A. A+ B. A- C. AB+ D. AB- E. B+ F. B- G. O+ H. O-]
- **Medical Condition:** What is your medical condition? [MCQ: A. Arthritis B. Asthma C. Cancer D. Diabetes E. Hypertension F. Obesity]
- **Date of Admission:** What is your date of admission? [Open-ended]
- **Doctor:** What is your doctor? [Open-ended]
- **Hospital:** What is your hospital? [Open-ended]
- **Insurance Provider:** What is your insurance provider? [MCQ: A. Aetna B. Blue Cross C. Cigna D. Medicare E. UnitedHealthcare]
- **Billing Amount:** What is your billing amount? [Open-ended]
- **Room Number:** What is your room number? [Open-ended]
- **Admission Type:** What is your admission type? [MCQ: A. Elective B. Emergency C. Urgent]
- **Discharge Date:** What is your discharge date? [Open-ended]
- **Medication:** What is your medication? [MCQ: A. Aspirin B. Ibuprofen C. Lipitor D. Paracetamol E. Penicillin]
- **Test Results:** What is your test results? [MCQ: A. Abnormal B. Inconclusive C. Normal]

## Responses

### Respondent 85

- **Age:** 67
- **Gender:** b
- **Blood Type:** g
- **Medical Condition:** c
- **Date of Admission:** 2022-10-29
- **Doctor:** DOC_85
- **Hospital:** HOSP_85
- **Insurance Provider:** d
- **Billing Amount:** 44940
- **Room Number:** 293
- **Admission Type:** b
- **Discharge Date:** 2022-11-20
- **Medication:** e
- **Test Results:** c

### Respondent 139

- **Age:** 33
- **Gender:** 
- **Blood Type:** f
- **Medical Condition:** b
- **Date of Admission:** 2024-02-06
- **Doctor:** DOC_139
- **Hospital:** HOSP_139
- **Insurance Provider:** b
- **Billing Amount:** 18843
- **Room Number:** 330
- **Admission Type:** c
- **Discharge Date:** 2024-02-03
- **Medication:** a
- **Test Results:** c

### Respondent 120

- **Age:** 51
- **Gender:** b
- **Blood Type:** f
- **Medical Condition:** b
- **Date of Admission:** 2021-08-01
- **Doctor:** DOC_120
- **Hospital:** HOSP_120
- **Insurance Provider:** a
- **Billing Amount:** 49402
- **Room Number:** 361
- **Admission Type:** c
- **Discharge Date:** 2021-07-01
- **Medication:** d
- **Test Results:** b

### Respondent 107

- **Age:** 77
- **Gender:** a
- **Blood Type:** g
- **Medical Condition:** d
- **Date of Admission:** 2024-01-31
- **Doctor:** DOC_107
- **Hospital:** HOSP_107
- **Insurance Provider:** a
- **Billing Amount:** 3326
- **Room Number:** 227
- **Admission Type:** a
- **Discharge Date:** 2024-02-02
- **Medication:** a
- **Test Results:** a

### Respondent 16

- **Age:** 82
- **Gender:** a
- **Blood Type:** a
- **Medical Condition:** e
- **Date of Admission:** 2020-01-24
- **Doctor:** DOC_16
- **Hospital:** HOSP_16
- **Insurance Provider:** c
- **Billing Amount:** 36992
- **Room Number:** 162
- **Admission Type:** c
- **Discharge Date:** 2019-12-13
- **Medication:** a
- **Test Results:** c

### Respondent 53

- **Age:** 38
- **Gender:** b
- **Blood Type:** a
- **Medical Condition:** b
- **Date of Admission:** 2023-12-28
- **Doctor:** DOC_53
- **Hospital:** HOSP_53
- **Insurance Provider:** e
- **Billing Amount:** 48291
- **Room Number:** 389
- **Admission Type:** c
- **Discharge Date:** 2023-12-12
- **Medication:** b
- **Test Results:** c

### Respondent 108

- **Age:** 63
- **Gender:** a
- **Blood Type:** a
- **Medical Condition:** a
- **Date of Admission:** 2020-08-11
- **Doctor:** DOC_108
- **Hospital:** HOSP_108
- **Insurance Provider:** e
- **Billing Amount:** 22951
- **Room Number:** 119
- **Admission Type:** a
- **Discharge Date:** 2020-07-20
- **Medication:** d
- **Test Results:** c

### Respondent 100

- **Age:** 42
- **Gender:** a
- **Blood Type:** b
- **Medical Condition:** e
- **Date of Admission:** 2023-08-13
- **Doctor:** DOC_100
- **Hospital:** HOSP_100
- **Insurance Provider:** d
- **Billing Amount:** 8000
- **Room Number:** 273
- **Admission Type:** c
- **Discharge Date:** 2023-08-25
- **Medication:** c
- **Test Results:** b

### Respondent 150

- **Age:** 70
- **Gender:** b
- **Blood Type:** g
- **Medical Condition:** b
- **Date of Admission:** 2020-03-04
- **Doctor:** DOC_150
- **Hospital:** HOSP_150
- **Insurance Provider:** d
- **Billing Amount:** 13356
- **Room Number:** 395
- **Admission Type:** a
- **Discharge Date:** 2020-04-22
- **Medication:** d
- **Test Results:** c

### Respondent 6

- **Age:** 62
- **Gender:** b
- **Blood Type:** e
- **Medical Condition:** e
- **Date of Admission:** 2022-09-19
- **Doctor:** DOC_06
- **Hospital:** HOSP_06
- **Insurance Provider:** b
- **Billing Amount:** 25835
- **Room Number:** 489
- **Admission Type:** a
- **Discharge Date:** 2022-08-10
- **Medication:** d
- **Test Results:** b

### Respondent 148

- **Age:** 20
- **Gender:** b
- **Blood Type:** g
- **Medical Condition:** e
- **Date of Admission:** 2023-08-17
- **Doctor:** DOC_148
- **Hospital:** HOSP_148
- **Insurance Provider:** e
- **Billing Amount:** 28838
- **Room Number:** 177
- **Admission Type:** c
- **Discharge Date:** 2023-10-12
- **Medication:** b
- **Test Results:** a

","139, 16, 108, 150, 6, 148","<example>
List all respondents with doctor = 'DOC_107' and hospital = 'HOSP_148'.

DATA:

# Survey Data

## Questions

- **Age:** What is your age? [Open-ended]
- **Gender:** What is your gender? [MCQ: A. Female B. Male]
- **Blood Type:** What is your blood type? [MCQ: A. A+ B. A- C. AB+ D. AB- E. B+ F. B- G. O+ H. O-]
- **Medical Condition:** What is your medical condition? [MCQ: A. Arthritis B. Asthma C. Cancer D. Diabetes E. Hypertension F. Obesity]
- **Date of Admission:** What is your date of admission? [Open-ended]
- **Doctor:** What is your doctor? [Open-ended]
- **Hospital:** What is your hospital? [Open-ended]
- **Insurance Provider:** What is your insurance provider? [MCQ: A. Aetna B. Blue Cross C. Cigna D. Medicare E. UnitedHealthcare]
- **Billing Amount:** What is your billing amount? [Open-ended]
- **Room Number:** What is your room number? [Open-ended]
- **Admission Type:** What is your admission type? [MCQ: A. Elective B. Emergency C. Urgent]
- **Discharge Date:** What is your discharge date? [Open-ended]
- **Medication:** What is your medication? [MCQ: A. Aspirin B. Ibuprofen C. Lipitor D. Paracetamol E. Penicillin]
- **Test Results:** What is your test results? [MCQ: A. Abnormal B. Inconclusive C. Normal]

## Responses

### Respondent 85

- **Age:** 67
- **Gender:** b
- **Blood Type:** g
- **Medical Condition:** c
- **Date of Admission:** 2022-10-29
- **Doctor:** DOC_85
- **Hospital:** HOSP_85
- **Insurance Provider:** d
- **Billing Amount:** 44940
- **Room Number:** 293
- **Admission Type:** b
- **Discharge Date:** 2022-11-20
- **Medication:** e
- **Test Results:** c

### Respondent 139

- **Age:** 33
- **Gender:** 
- **Blood Type:** f
- **Medical Condition:** b
- **Date of Admission:** 2024-02-06
- **Doctor:** DOC_139
- **Hospital:** HOSP_139
- **Insurance Provider:** b
- **Billing Amount:** 18843
- **Room Number:** 330
- **Admission Type:** c
- **Discharge Date:** 2024-02-03
- **Medication:** a
- **Test Results:** c

### Respondent 120

- **Age:** 51
- **Gender:** b
- **Blood Type:** f
- **Medical Condition:** b
- **Date of Admission:** 2021-08-01
- **Doctor:** DOC_120
- **Hospital:** HOSP_120
- **Insurance Provider:** a
- **Billing Amount:** 49402
- **Room Number:** 361
- **Admission Type:** c
- **Discharge Date:** 2021-07-01
- **Medication:** d
- **Test Results:** b

### Respondent 107

- **Age:** 77
- **Gender:** a
- **Blood Type:** g
- **Medical Condition:** d
- **Date of Admission:** 2024-01-31
- **Doctor:** DOC_107
- **Hospital:** HOSP_107
- **Insurance Provider:** a
- **Billing Amount:** 3326
- **Room Number:** 227
- **Admission Type:** a
- **Discharge Date:** 2024-02-02
- **Medication:** a
- **Test Results:** a

### Respondent 16

- **Age:** 82
- **Gender:** a
- **Blood Type:** a
- **Medical Condition:** e
- **Date of Admission:** 2020-01-24
- **Doctor:** DOC_16
- **Hospital:** HOSP_16
- **Insurance Provider:** c
- **Billing Amount:** 36992
- **Room Number:** 162
- **Admission Type:** c
- **Discharge Date:** 2019-12-13
- **Medication:** a
- **Test Results:** c

### Respondent 53

- **Age:** 38
- **Gender:** b
- **Blood Type:** a
- **Medical Condition:** b
- **Date of Admission:** 2023-12-28
- **Doctor:** DOC_53
- **Hospital:** HOSP_53
- **Insurance Provider:** e
- **Billing Amount:** 48291
- **Room Number:** 389
- **Admission Type:** c
- **Discharge Date:** 2023-12-12
- **Medication:** b
- **Test Results:** c

### Respondent 108

- **Age:** 63
- **Gender:** a
- **Blood Type:** a
- **Medical Condition:** a
- **Date of Admission:** 2020-08-11
- **Doctor:** DOC_108
- **Hospital:** HOSP_108
- **Insurance Provider:** e
- **Billing Amount:** 22951
- **Room Number:** 119
- **Admission Type:** a
- **Discharge Date:** 2020-07-20
- **Medication:** d
- **Test Results:** c

### Respondent 100

- **Age:** 42
- **Gender:** a
- **Blood Type:** b
- **Medical Condition:** e
- **Date of Admission:** 2023-08-13
- **Doctor:** DOC_100
- **Hospital:** HOSP_100
- **Insurance Provider:** d
- **Billing Amount:** 8000
- **Room Number:** 273
- **Admission Type:** c
- **Discharge Date:** 2023-08-25
- **Medication:** c
- **Test Results:** b

### Respondent 150

- **Age:** 70
- **Gender:** b
- **Blood Type:** g
- **Medical Condition:** b
- **Date of Admission:** 2020-03-04
- **Doctor:** DOC_150
- **Hospital:** HOSP_150
- **Insurance Provider:** d
- **Billing Amount:** 13356
- **Room Number:** 395
- **Admission Type:** a
- **Discharge Date:** 2020-04-22
- **Medication:** d
- **Test Results:** c

### Respondent 6

- **Age:** 62
- **Gender:** b
- **Blood Type:** e
- **Medical Condition:** e
- **Date of Admission:** 2022-09-19
- **Doctor:** DOC_06
- **Hospital:** HOSP_06
- **Insurance Provider:** b
- **Billing Amount:** 25835
- **Room Number:** 489
- **Admission Type:** a
- **Discharge Date:** 2022-08-10
- **Medication:** d
- **Test Results:** b

### Respondent 148

- **Age:** 20
- **Gender:** b
- **Blood Type:** g
- **Medical Condition:** e
- **Date of Admission:** 2023-08-17
- **Doctor:** DOC_148
- **Hospital:** HOSP_148
- **Insurance Provider:** e
- **Billing Amount:** 28838
- **Room Number:** 177
- **Admission Type:** c
- **Discharge Date:** 2023-10-12
- **Medication:** b
- **Test Results:** a



Answer: None
</example>

<questionnaire>
# Survey Data

## Questions

- **Age:** What is your age? [Open-ended]
- **Gender:** What is your gender? [MCQ: A. Female B. Male]
- **Blood Type:** What is your blood type? [MCQ: A. A+ B. A- C. AB+ D. AB- E. B+ F. B- G. O+ H. O-]
- **Medical Condition:** What is your medical condition? [MCQ: A. Arthritis B. Asthma C. Cancer D. Diabetes E. Hypertension F. Obesity]
- **Date of Admission:** What is your date of admission? [Open-ended]
- **Doctor:** What is your doctor? [Open-ended]
- **Hospital:** What is your hospital? [Open-ended]
- **Insurance Provider:** What is your insurance provider? [MCQ: A. Aetna B. Blue Cross C. Cigna D. Medicare E. UnitedHealthcare]
- **Billing Amount:** What is your billing amount? [Open-ended]
- **Room Number:** What is your room number? [Open-ended]
- **Admission Type:** What is your admission type? [MCQ: A. Elective B. Emergency C. Urgent]
- **Discharge Date:** What is your discharge date? [Open-ended]
- **Medication:** What is your medication? [MCQ: A. Aspirin B. Ibuprofen C. Lipitor D. Paracetamol E. Penicillin]
- **Test Results:** What is your test results? [MCQ: A. Abnormal B. Inconclusive C. Normal]

## Responses

### Respondent 85

- **Age:** 67
- **Gender:** b
- **Blood Type:** g
- **Medical Condition:** c
- **Date of Admission:** 2022-10-29
- **Doctor:** DOC_85
- **Hospital:** HOSP_85
- **Insurance Provider:** d
- **Billing Amount:** 44940
- **Room Number:** 293
- **Admission Type:** b
- **Discharge Date:** 2022-11-20
- **Medication:** e
- **Test Results:** c

### Respondent 139

- **Age:** 33
- **Gender:** 
- **Blood Type:** f
- **Medical Condition:** b
- **Date of Admission:** 2024-02-06
- **Doctor:** DOC_139
- **Hospital:** HOSP_139
- **Insurance Provider:** b
- **Billing Amount:** 18843
- **Room Number:** 330
- **Admission Type:** c
- **Discharge Date:** 2024-02-03
- **Medication:** a
- **Test Results:** c

### Respondent 120

- **Age:** 51
- **Gender:** b
- **Blood Type:** f
- **Medical Condition:** b
- **Date of Admission:** 2021-08-01
- **Doctor:** DOC_120
- **Hospital:** HOSP_120
- **Insurance Provider:** a
- **Billing Amount:** 49402
- **Room Number:** 361
- **Admission Type:** c
- **Discharge Date:** 2021-07-01
- **Medication:** d
- **Test Results:** b

### Respondent 107

- **Age:** 77
- **Gender:** a
- **Blood Type:** g
- **Medical Condition:** d
- **Date of Admission:** 2024-01-31
- **Doctor:** DOC_107
- **Hospital:** HOSP_107
- **Insurance Provider:** a
- **Billing Amount:** 3326
- **Room Number:** 227
- **Admission Type:** a
- **Discharge Date:** 2024-02-02
- **Medication:** a
- **Test Results:** a

### Respondent 16

- **Age:** 82
- **Gender:** a
- **Blood Type:** a
- **Medical Condition:** e
- **Date of Admission:** 2020-01-24
- **Doctor:** DOC_16
- **Hospital:** HOSP_16
- **Insurance Provider:** c
- **Billing Amount:** 36992
- **Room Number:** 162
- **Admission Type:** c
- **Discharge Date:** 2019-12-13
- **Medication:** a
- **Test Results:** c

### Respondent 53

- **Age:** 38
- **Gender:** b
- **Blood Type:** a
- **Medical Condition:** b
- **Date of Admission:** 2023-12-28
- **Doctor:** DOC_53
- **Hospital:** HOSP_53
- **Insurance Provider:** e
- **Billing Amount:** 48291
- **Room Number:** 389
- **Admission Type:** c
- **Discharge Date:** 2023-12-12
- **Medication:** b
- **Test Results:** c

### Respondent 108

- **Age:** 63
- **Gender:** a
- **Blood Type:** a
- **Medical Condition:** a
- **Date of Admission:** 2020-08-11
- **Doctor:** DOC_108
- **Hospital:** HOSP_108
- **Insurance Provider:** e
- **Billing Amount:** 22951
- **Room Number:** 119
- **Admission Type:** a
- **Discharge Date:** 2020-07-20
- **Medication:** d
- **Test Results:** c

### Respondent 100

- **Age:** 42
- **Gender:** a
- **Blood Type:** b
- **Medical Condition:** e
- **Date of Admission:** 2023-08-13
- **Doctor:** DOC_100
- **Hospital:** HOSP_100
- **Insurance Provider:** d
- **Billing Amount:** 8000
- **Room Number:** 273
- **Admission Type:** c
- **Discharge Date:** 2023-08-25
- **Medication:** c
- **Test Results:** b

### Respondent 150

- **Age:** 70
- **Gender:** b
- **Blood Type:** g
- **Medical Condition:** b
- **Date of Admission:** 2020-03-04
- **Doctor:** DOC_150
- **Hospital:** HOSP_150
- **Insurance Provider:** d
- **Billing Amount:** 13356
- **Room Number:** 395
- **Admission Type:** a
- **Discharge Date:** 2020-04-22
- **Medication:** d
- **Test Results:** c

### Respondent 6

- **Age:** 62
- **Gender:** b
- **Blood Type:** e
- **Medical Condition:** e
- **Date of Admission:** 2022-09-19
- **Doctor:** DOC_06
- **Hospital:** HOSP_06
- **Insurance Provider:** b
- **Billing Amount:** 25835
- **Room Number:** 489
- **Admission Type:** a
- **Discharge Date:** 2022-08-10
- **Medication:** d
- **Test Results:** b

### Respondent 148

- **Age:** 20
- **Gender:** b
- **Blood Type:** g
- **Medical Condition:** e
- **Date of Admission:** 2023-08-17
- **Doctor:** DOC_148
- **Hospital:** HOSP_148
- **Insurance Provider:** e
- **Billing Amount:** 28838
- **Room Number:** 177
- **Admission Type:** c
- **Discharge Date:** 2023-10-12
- **Medication:** b
- **Test Results:** a


</questionnaire>

<role>
You are a meticulous data analyst AI. Your primary function is to accurately analyze structured data and provide precise, verifiable answers.
</role>

<format>
You will be given a dataset with two key parts:

A 'questions' section: This is your data dictionary or schema. It is the single source of truth for understanding what each field and score means. Refer to it carefully.

A 'responses' section: This contains the raw data from each individual respondent.

To answer the question correctly, you must first use the 'questions' schema to fully understand the context and meaning of the data points within the 'responses'. Do not rely on any prior knowledge outside of this provided data. Base your entire analysis on the information given.
</format>

<output>
Provide your final answer directly and concisely. Output must be the human-readable value, not an option code.

Rules:
- For MCQ fields, map any letter codes in the Responses (case-insensitive) to the corresponding option text from the Questions schema, and output only that text. Do NOT include the letter or both.
  Example: If the schema is ""[MCQ: A. Abnormal B. Inconclusive C. Normal]"" and the response is ""a"", output ""Abnormal"".
- For open-ended fields, output the exact text value.
- If the question asks for a count, provide only the number (e.g., ""42"").
- If the question asks for a list of names or IDs, provide a simple comma-separated list (e.g., ""17, 21, 23"").
- Preserve capitalization exactly as in the schema (e.g., output ""Abnormal"", not ""abnormal"" or ""A"").
</output>

<task>
Find all respondents whose billing amount is between 12541 and 40186.
</task>",,False
case_8,answer_reverse_lookup,Find all respondents whose room number is between 180 and 363.,"# Survey Data

## Questions

- **Age:** What is your age? [Open-ended]
- **Gender:** What is your gender? [MCQ: A. Female B. Male]
- **Blood Type:** What is your blood type? [MCQ: A. A+ B. A- C. AB+ D. AB- E. B+ F. B- G. O+ H. O-]
- **Medical Condition:** What is your medical condition? [MCQ: A. Arthritis B. Asthma C. Cancer D. Diabetes E. Hypertension F. Obesity]
- **Date of Admission:** What is your date of admission? [Open-ended]
- **Doctor:** What is your doctor? [Open-ended]
- **Hospital:** What is your hospital? [Open-ended]
- **Insurance Provider:** What is your insurance provider? [MCQ: A. Aetna B. Blue Cross C. Cigna D. Medicare E. UnitedHealthcare]
- **Billing Amount:** What is your billing amount? [Open-ended]
- **Room Number:** What is your room number? [Open-ended]
- **Admission Type:** What is your admission type? [MCQ: A. Elective B. Emergency C. Urgent]
- **Discharge Date:** What is your discharge date? [Open-ended]
- **Medication:** What is your medication? [MCQ: A. Aspirin B. Ibuprofen C. Lipitor D. Paracetamol E. Penicillin]
- **Test Results:** What is your test results? [MCQ: A. Abnormal B. Inconclusive C. Normal]

## Responses

### Respondent 123

- **Age:** 30
- **Gender:** a
- **Blood Type:** d
- **Medical Condition:** c
- **Date of Admission:** 2019-10-13
- **Doctor:** DOC_123
- **Hospital:** HOSP_123
- **Insurance Provider:** a
- **Billing Amount:** 1586
- **Room Number:** 328
- **Admission Type:** c
- **Discharge Date:** 2019-12-21
- **Medication:** e
- **Test Results:** c

### Respondent 2

- **Age:** 38
- **Gender:** b
- **Blood Type:** h
- **Medical Condition:** e
- **Date of Admission:** 2021-01-21
- **Doctor:** DOC_02
- **Hospital:** HOSP_02
- **Insurance Provider:** c
- **Billing Amount:** 31516
- **Room Number:** 134
- **Admission Type:** b
- **Discharge Date:** 2020-08-27
- **Medication:** e
- **Test Results:** c

### Respondent 91

- **Age:** 42
- **Gender:** a
- **Blood Type:** b
- **Medical Condition:** b
- **Date of Admission:** 2022-07-08
- **Doctor:** DOC_91
- **Hospital:** HOSP_91
- **Insurance Provider:** c
- **Billing Amount:** 26787
- **Room Number:** 406
- **Admission Type:** a
- **Discharge Date:** 2022-06-30
- **Medication:** d
- **Test Results:** c

### Respondent 77

- **Age:** 59
- **Gender:** b
- **Blood Type:** b
- **Medical Condition:** b
- **Date of Admission:** 2024-04-05
- **Doctor:** DOC_77
- **Hospital:** HOSP_77
- **Insurance Provider:** e
- **Billing Amount:** 39958
- **Room Number:** 233
- **Admission Type:** b
- **Discharge Date:** 2024-02-10
- **Medication:** b
- **Test Results:** b

### Respondent 100

- **Age:** 42
- **Gender:** a
- **Blood Type:** b
- **Medical Condition:** e
- **Date of Admission:** 2023-08-13
- **Doctor:** DOC_100
- **Hospital:** HOSP_100
- **Insurance Provider:** d
- **Billing Amount:** 8000
- **Room Number:** 273
- **Admission Type:** c
- **Discharge Date:** 2023-08-25
- **Medication:** c
- **Test Results:** b

### Respondent 108

- **Age:** 63
- **Gender:** a
- **Blood Type:** a
- **Medical Condition:** a
- **Date of Admission:** 2020-08-11
- **Doctor:** DOC_108
- **Hospital:** HOSP_108
- **Insurance Provider:** e
- **Billing Amount:** 22951
- **Room Number:** 119
- **Admission Type:** a
- **Discharge Date:** 2020-07-20
- **Medication:** d
- **Test Results:** c

### Respondent 138

- **Age:** 58
- **Gender:** a
- **Blood Type:** d
- **Medical Condition:** a
- **Date of Admission:** 2023-07-24
- **Doctor:** DOC_138
- **Hospital:** HOSP_138
- **Insurance Provider:** a
- **Billing Amount:** 7556
- **Room Number:** 133
- **Admission Type:** a
- **Discharge Date:** 2023-09-05
- **Medication:** d
- **Test Results:** a

### Respondent 140

- **Age:** 49
- **Gender:** b
- **Blood Type:** e
- **Medical Condition:** c
- **Date of Admission:** 2022-07-06
- **Doctor:** DOC_140
- **Hospital:** HOSP_140
- **Insurance Provider:** d
- **Billing Amount:** 25426
- **Room Number:** 260
- **Admission Type:** a
- **Discharge Date:** 2022-03-29
- **Medication:** e
- **Test Results:** a

### Respondent 57

- **Age:** 21
- **Gender:** a
- **Blood Type:** h
- **Medical Condition:** d
- **Date of Admission:** 2020-08-23
- **Doctor:** DOC_57
- **Hospital:** HOSP_57
- **Insurance Provider:** d
- **Billing Amount:** 19785
- **Room Number:** 378
- **Admission Type:** a
- **Discharge Date:** 2020-11-15
- **Medication:** d
- **Test Results:** b

### Respondent 125

- **Age:** 20
- **Gender:** a
- **Blood Type:** a
- **Medical Condition:** a
- **Date of Admission:** 2020-03-08
- **Doctor:** DOC_125
- **Hospital:** HOSP_125
- **Insurance Provider:** d
- **Billing Amount:** 21772
- **Room Number:** 244
- **Admission Type:** a
- **Discharge Date:** 2020-02-12
- **Medication:** e
- **Test Results:** c

### Respondent 70

- **Age:** 49
- **Gender:** b
- **Blood Type:** b
- **Medical Condition:** d
- **Date of Admission:** 2019-07-09
- **Doctor:** DOC_70
- **Hospital:** HOSP_70
- **Insurance Provider:** d
- **Billing Amount:** 32643
- **Room Number:** 424
- **Admission Type:** a
- **Discharge Date:** 2019-09-01
- **Medication:** e
- **Test Results:** b

","123, 77, 100, 140, 125","<example>
List all respondents with doctor = 'DOC_107' and hospital = 'HOSP_148'.

DATA:

# Survey Data

## Questions

- **Age:** What is your age? [Open-ended]
- **Gender:** What is your gender? [MCQ: A. Female B. Male]
- **Blood Type:** What is your blood type? [MCQ: A. A+ B. A- C. AB+ D. AB- E. B+ F. B- G. O+ H. O-]
- **Medical Condition:** What is your medical condition? [MCQ: A. Arthritis B. Asthma C. Cancer D. Diabetes E. Hypertension F. Obesity]
- **Date of Admission:** What is your date of admission? [Open-ended]
- **Doctor:** What is your doctor? [Open-ended]
- **Hospital:** What is your hospital? [Open-ended]
- **Insurance Provider:** What is your insurance provider? [MCQ: A. Aetna B. Blue Cross C. Cigna D. Medicare E. UnitedHealthcare]
- **Billing Amount:** What is your billing amount? [Open-ended]
- **Room Number:** What is your room number? [Open-ended]
- **Admission Type:** What is your admission type? [MCQ: A. Elective B. Emergency C. Urgent]
- **Discharge Date:** What is your discharge date? [Open-ended]
- **Medication:** What is your medication? [MCQ: A. Aspirin B. Ibuprofen C. Lipitor D. Paracetamol E. Penicillin]
- **Test Results:** What is your test results? [MCQ: A. Abnormal B. Inconclusive C. Normal]

## Responses

### Respondent 123

- **Age:** 30
- **Gender:** a
- **Blood Type:** d
- **Medical Condition:** c
- **Date of Admission:** 2019-10-13
- **Doctor:** DOC_123
- **Hospital:** HOSP_123
- **Insurance Provider:** a
- **Billing Amount:** 1586
- **Room Number:** 328
- **Admission Type:** c
- **Discharge Date:** 2019-12-21
- **Medication:** e
- **Test Results:** c

### Respondent 2

- **Age:** 38
- **Gender:** b
- **Blood Type:** h
- **Medical Condition:** e
- **Date of Admission:** 2021-01-21
- **Doctor:** DOC_02
- **Hospital:** HOSP_02
- **Insurance Provider:** c
- **Billing Amount:** 31516
- **Room Number:** 134
- **Admission Type:** b
- **Discharge Date:** 2020-08-27
- **Medication:** e
- **Test Results:** c

### Respondent 91

- **Age:** 42
- **Gender:** a
- **Blood Type:** b
- **Medical Condition:** b
- **Date of Admission:** 2022-07-08
- **Doctor:** DOC_91
- **Hospital:** HOSP_91
- **Insurance Provider:** c
- **Billing Amount:** 26787
- **Room Number:** 406
- **Admission Type:** a
- **Discharge Date:** 2022-06-30
- **Medication:** d
- **Test Results:** c

### Respondent 77

- **Age:** 59
- **Gender:** b
- **Blood Type:** b
- **Medical Condition:** b
- **Date of Admission:** 2024-04-05
- **Doctor:** DOC_77
- **Hospital:** HOSP_77
- **Insurance Provider:** e
- **Billing Amount:** 39958
- **Room Number:** 233
- **Admission Type:** b
- **Discharge Date:** 2024-02-10
- **Medication:** b
- **Test Results:** b

### Respondent 100

- **Age:** 42
- **Gender:** a
- **Blood Type:** b
- **Medical Condition:** e
- **Date of Admission:** 2023-08-13
- **Doctor:** DOC_100
- **Hospital:** HOSP_100
- **Insurance Provider:** d
- **Billing Amount:** 8000
- **Room Number:** 273
- **Admission Type:** c
- **Discharge Date:** 2023-08-25
- **Medication:** c
- **Test Results:** b

### Respondent 108

- **Age:** 63
- **Gender:** a
- **Blood Type:** a
- **Medical Condition:** a
- **Date of Admission:** 2020-08-11
- **Doctor:** DOC_108
- **Hospital:** HOSP_108
- **Insurance Provider:** e
- **Billing Amount:** 22951
- **Room Number:** 119
- **Admission Type:** a
- **Discharge Date:** 2020-07-20
- **Medication:** d
- **Test Results:** c

### Respondent 138

- **Age:** 58
- **Gender:** a
- **Blood Type:** d
- **Medical Condition:** a
- **Date of Admission:** 2023-07-24
- **Doctor:** DOC_138
- **Hospital:** HOSP_138
- **Insurance Provider:** a
- **Billing Amount:** 7556
- **Room Number:** 133
- **Admission Type:** a
- **Discharge Date:** 2023-09-05
- **Medication:** d
- **Test Results:** a

### Respondent 140

- **Age:** 49
- **Gender:** b
- **Blood Type:** e
- **Medical Condition:** c
- **Date of Admission:** 2022-07-06
- **Doctor:** DOC_140
- **Hospital:** HOSP_140
- **Insurance Provider:** d
- **Billing Amount:** 25426
- **Room Number:** 260
- **Admission Type:** a
- **Discharge Date:** 2022-03-29
- **Medication:** e
- **Test Results:** a

### Respondent 57

- **Age:** 21
- **Gender:** a
- **Blood Type:** h
- **Medical Condition:** d
- **Date of Admission:** 2020-08-23
- **Doctor:** DOC_57
- **Hospital:** HOSP_57
- **Insurance Provider:** d
- **Billing Amount:** 19785
- **Room Number:** 378
- **Admission Type:** a
- **Discharge Date:** 2020-11-15
- **Medication:** d
- **Test Results:** b

### Respondent 125

- **Age:** 20
- **Gender:** a
- **Blood Type:** a
- **Medical Condition:** a
- **Date of Admission:** 2020-03-08
- **Doctor:** DOC_125
- **Hospital:** HOSP_125
- **Insurance Provider:** d
- **Billing Amount:** 21772
- **Room Number:** 244
- **Admission Type:** a
- **Discharge Date:** 2020-02-12
- **Medication:** e
- **Test Results:** c

### Respondent 70

- **Age:** 49
- **Gender:** b
- **Blood Type:** b
- **Medical Condition:** d
- **Date of Admission:** 2019-07-09
- **Doctor:** DOC_70
- **Hospital:** HOSP_70
- **Insurance Provider:** d
- **Billing Amount:** 32643
- **Room Number:** 424
- **Admission Type:** a
- **Discharge Date:** 2019-09-01
- **Medication:** e
- **Test Results:** b



Answer: None
</example>

<questionnaire>
# Survey Data

## Questions

- **Age:** What is your age? [Open-ended]
- **Gender:** What is your gender? [MCQ: A. Female B. Male]
- **Blood Type:** What is your blood type? [MCQ: A. A+ B. A- C. AB+ D. AB- E. B+ F. B- G. O+ H. O-]
- **Medical Condition:** What is your medical condition? [MCQ: A. Arthritis B. Asthma C. Cancer D. Diabetes E. Hypertension F. Obesity]
- **Date of Admission:** What is your date of admission? [Open-ended]
- **Doctor:** What is your doctor? [Open-ended]
- **Hospital:** What is your hospital? [Open-ended]
- **Insurance Provider:** What is your insurance provider? [MCQ: A. Aetna B. Blue Cross C. Cigna D. Medicare E. UnitedHealthcare]
- **Billing Amount:** What is your billing amount? [Open-ended]
- **Room Number:** What is your room number? [Open-ended]
- **Admission Type:** What is your admission type? [MCQ: A. Elective B. Emergency C. Urgent]
- **Discharge Date:** What is your discharge date? [Open-ended]
- **Medication:** What is your medication? [MCQ: A. Aspirin B. Ibuprofen C. Lipitor D. Paracetamol E. Penicillin]
- **Test Results:** What is your test results? [MCQ: A. Abnormal B. Inconclusive C. Normal]

## Responses

### Respondent 123

- **Age:** 30
- **Gender:** a
- **Blood Type:** d
- **Medical Condition:** c
- **Date of Admission:** 2019-10-13
- **Doctor:** DOC_123
- **Hospital:** HOSP_123
- **Insurance Provider:** a
- **Billing Amount:** 1586
- **Room Number:** 328
- **Admission Type:** c
- **Discharge Date:** 2019-12-21
- **Medication:** e
- **Test Results:** c

### Respondent 2

- **Age:** 38
- **Gender:** b
- **Blood Type:** h
- **Medical Condition:** e
- **Date of Admission:** 2021-01-21
- **Doctor:** DOC_02
- **Hospital:** HOSP_02
- **Insurance Provider:** c
- **Billing Amount:** 31516
- **Room Number:** 134
- **Admission Type:** b
- **Discharge Date:** 2020-08-27
- **Medication:** e
- **Test Results:** c

### Respondent 91

- **Age:** 42
- **Gender:** a
- **Blood Type:** b
- **Medical Condition:** b
- **Date of Admission:** 2022-07-08
- **Doctor:** DOC_91
- **Hospital:** HOSP_91
- **Insurance Provider:** c
- **Billing Amount:** 26787
- **Room Number:** 406
- **Admission Type:** a
- **Discharge Date:** 2022-06-30
- **Medication:** d
- **Test Results:** c

### Respondent 77

- **Age:** 59
- **Gender:** b
- **Blood Type:** b
- **Medical Condition:** b
- **Date of Admission:** 2024-04-05
- **Doctor:** DOC_77
- **Hospital:** HOSP_77
- **Insurance Provider:** e
- **Billing Amount:** 39958
- **Room Number:** 233
- **Admission Type:** b
- **Discharge Date:** 2024-02-10
- **Medication:** b
- **Test Results:** b

### Respondent 100

- **Age:** 42
- **Gender:** a
- **Blood Type:** b
- **Medical Condition:** e
- **Date of Admission:** 2023-08-13
- **Doctor:** DOC_100
- **Hospital:** HOSP_100
- **Insurance Provider:** d
- **Billing Amount:** 8000
- **Room Number:** 273
- **Admission Type:** c
- **Discharge Date:** 2023-08-25
- **Medication:** c
- **Test Results:** b

### Respondent 108

- **Age:** 63
- **Gender:** a
- **Blood Type:** a
- **Medical Condition:** a
- **Date of Admission:** 2020-08-11
- **Doctor:** DOC_108
- **Hospital:** HOSP_108
- **Insurance Provider:** e
- **Billing Amount:** 22951
- **Room Number:** 119
- **Admission Type:** a
- **Discharge Date:** 2020-07-20
- **Medication:** d
- **Test Results:** c

### Respondent 138

- **Age:** 58
- **Gender:** a
- **Blood Type:** d
- **Medical Condition:** a
- **Date of Admission:** 2023-07-24
- **Doctor:** DOC_138
- **Hospital:** HOSP_138
- **Insurance Provider:** a
- **Billing Amount:** 7556
- **Room Number:** 133
- **Admission Type:** a
- **Discharge Date:** 2023-09-05
- **Medication:** d
- **Test Results:** a

### Respondent 140

- **Age:** 49
- **Gender:** b
- **Blood Type:** e
- **Medical Condition:** c
- **Date of Admission:** 2022-07-06
- **Doctor:** DOC_140
- **Hospital:** HOSP_140
- **Insurance Provider:** d
- **Billing Amount:** 25426
- **Room Number:** 260
- **Admission Type:** a
- **Discharge Date:** 2022-03-29
- **Medication:** e
- **Test Results:** a

### Respondent 57

- **Age:** 21
- **Gender:** a
- **Blood Type:** h
- **Medical Condition:** d
- **Date of Admission:** 2020-08-23
- **Doctor:** DOC_57
- **Hospital:** HOSP_57
- **Insurance Provider:** d
- **Billing Amount:** 19785
- **Room Number:** 378
- **Admission Type:** a
- **Discharge Date:** 2020-11-15
- **Medication:** d
- **Test Results:** b

### Respondent 125

- **Age:** 20
- **Gender:** a
- **Blood Type:** a
- **Medical Condition:** a
- **Date of Admission:** 2020-03-08
- **Doctor:** DOC_125
- **Hospital:** HOSP_125
- **Insurance Provider:** d
- **Billing Amount:** 21772
- **Room Number:** 244
- **Admission Type:** a
- **Discharge Date:** 2020-02-12
- **Medication:** e
- **Test Results:** c

### Respondent 70

- **Age:** 49
- **Gender:** b
- **Blood Type:** b
- **Medical Condition:** d
- **Date of Admission:** 2019-07-09
- **Doctor:** DOC_70
- **Hospital:** HOSP_70
- **Insurance Provider:** d
- **Billing Amount:** 32643
- **Room Number:** 424
- **Admission Type:** a
- **Discharge Date:** 2019-09-01
- **Medication:** e
- **Test Results:** b


</questionnaire>

<role>
You are a meticulous data analyst AI. Your primary function is to accurately analyze structured data and provide precise, verifiable answers.
</role>

<format>
You will be given a dataset with two key parts:

A 'questions' section: This is your data dictionary or schema. It is the single source of truth for understanding what each field and score means. Refer to it carefully.

A 'responses' section: This contains the raw data from each individual respondent.

To answer the question correctly, you must first use the 'questions' schema to fully understand the context and meaning of the data points within the 'responses'. Do not rely on any prior knowledge outside of this provided data. Base your entire analysis on the information given.
</format>

<output>
Provide your final answer directly and concisely. Output must be the human-readable value, not an option code.

Rules:
- For MCQ fields, map any letter codes in the Responses (case-insensitive) to the corresponding option text from the Questions schema, and output only that text. Do NOT include the letter or both.
  Example: If the schema is ""[MCQ: A. Abnormal B. Inconclusive C. Normal]"" and the response is ""a"", output ""Abnormal"".
- For open-ended fields, output the exact text value.
- If the question asks for a count, provide only the number (e.g., ""42"").
- If the question asks for a list of names or IDs, provide a simple comma-separated list (e.g., ""17, 21, 23"").
- Preserve capitalization exactly as in the schema (e.g., output ""Abnormal"", not ""abnormal"" or ""A"").
</output>

<task>
Find all respondents whose room number is between 180 and 363.
</task>",,False
case_9,answer_reverse_lookup,Which respondents have a blood type of 'AB-'?,"# Survey Data

## Questions

- **Age:** What is your age? [Open-ended]
- **Gender:** What is your gender? [MCQ: A. Female B. Male]
- **Blood Type:** What is your blood type? [MCQ: A. A+ B. A- C. AB+ D. AB- E. B+ F. B- G. O+ H. O-]
- **Medical Condition:** What is your medical condition? [MCQ: A. Arthritis B. Asthma C. Cancer D. Diabetes E. Hypertension F. Obesity]
- **Date of Admission:** What is your date of admission? [Open-ended]
- **Doctor:** What is your doctor? [Open-ended]
- **Hospital:** What is your hospital? [Open-ended]
- **Insurance Provider:** What is your insurance provider? [MCQ: A. Aetna B. Blue Cross C. Cigna D. Medicare E. UnitedHealthcare]
- **Billing Amount:** What is your billing amount? [Open-ended]
- **Room Number:** What is your room number? [Open-ended]
- **Admission Type:** What is your admission type? [MCQ: A. Elective B. Emergency C. Urgent]
- **Discharge Date:** What is your discharge date? [Open-ended]
- **Medication:** What is your medication? [MCQ: A. Aspirin B. Ibuprofen C. Lipitor D. Paracetamol E. Penicillin]
- **Test Results:** What is your test results? [MCQ: A. Abnormal B. Inconclusive C. Normal]

## Responses

### Respondent 125

- **Age:** 20
- **Gender:** a
- **Blood Type:** a
- **Medical Condition:** a
- **Date of Admission:** 2020-03-08
- **Doctor:** DOC_125
- **Hospital:** HOSP_125
- **Insurance Provider:** d
- **Billing Amount:** 21772
- **Room Number:** 244
- **Admission Type:** a
- **Discharge Date:** 2020-02-12
- **Medication:** e
- **Test Results:** c

### Respondent 8

- **Age:** 23
- **Gender:** b
- **Blood Type:** e
- **Medical Condition:** e
- **Date of Admission:** 2022-06-17
- **Doctor:** DOC_08
- **Hospital:** HOSP_08
- **Insurance Provider:** c
- **Billing Amount:** 3909
- **Room Number:** 113
- **Admission Type:** a
- **Discharge Date:** 2022-09-07
- **Medication:** b
- **Test Results:** b

### Respondent 100

- **Age:** 42
- **Gender:** a
- **Blood Type:** b
- **Medical Condition:** e
- **Date of Admission:** 2023-08-13
- **Doctor:** DOC_100
- **Hospital:** HOSP_100
- **Insurance Provider:** d
- **Billing Amount:** 8000
- **Room Number:** 273
- **Admission Type:** c
- **Discharge Date:** 2023-08-25
- **Medication:** c
- **Test Results:** b

### Respondent 87

- **Age:** 55
- **Gender:** a
- **Blood Type:** a
- **Medical Condition:** d
- **Date of Admission:** 2023-04-09
- **Doctor:** DOC_87
- **Hospital:** HOSP_87
- **Insurance Provider:** a
- **Billing Amount:** 19581
- **Room Number:** 476
- **Admission Type:** a
- **Discharge Date:** 2023-01-27
- **Medication:** b
- **Test Results:** c

### Respondent 104

- **Age:** 60
- **Gender:** b
- **Blood Type:** b
- **Medical Condition:** f
- **Date of Admission:** 2019-11-03
- **Doctor:** DOC_104
- **Hospital:** HOSP_104
- **Insurance Provider:** c
- **Billing Amount:** 4532
- **Room Number:** 300
- **Admission Type:** a
- **Discharge Date:** 2019-11-23
- **Medication:** e
- **Test Results:** b

### Respondent 43

- **Age:** 47
- **Gender:** a
- **Blood Type:** d
- **Medical Condition:** f
- **Date of Admission:** 2022-11-05
- **Doctor:** DOC_43
- **Hospital:** HOSP_43
- **Insurance Provider:** b
- **Billing Amount:** 10710
- **Room Number:** 468
- **Admission Type:** a
- **Discharge Date:** 2023-04-21
- **Medication:** d
- **Test Results:** b

### Respondent 120

- **Age:** 51
- **Gender:** b
- **Blood Type:** f
- **Medical Condition:** b
- **Date of Admission:** 2021-08-01
- **Doctor:** DOC_120
- **Hospital:** HOSP_120
- **Insurance Provider:** a
- **Billing Amount:** 49402
- **Room Number:** 361
- **Admission Type:** c
- **Discharge Date:** 2021-07-01
- **Medication:** d
- **Test Results:** b

### Respondent 33

- **Age:** 67
- **Gender:** b
- **Blood Type:** e
- **Medical Condition:** d
- **Date of Admission:** 2022-06-24
- **Doctor:** DOC_33
- **Hospital:** HOSP_33
- **Insurance Provider:** a
- **Billing Amount:** 8321
- **Room Number:** 408
- **Admission Type:** b
- **Discharge Date:** 2022-07-25
- **Medication:** a
- **Test Results:** c

### Respondent 137

- **Age:** 24
- **Gender:** b
- **Blood Type:** h
- **Medical Condition:** e
- **Date of Admission:** 2022-09-21
- **Doctor:** DOC_137
- **Hospital:** HOSP_137
- **Insurance Provider:** a
- **Billing Amount:** 39477
- **Room Number:** 401
- **Admission Type:** b
- **Discharge Date:** 2022-10-14
- **Medication:** b
- **Test Results:** b

### Respondent 7

- **Age:** 57
- **Gender:** b
- **Blood Type:** f
- **Medical Condition:** d
- **Date of Admission:** 2021-03-05
- **Doctor:** DOC_07
- **Hospital:** HOSP_07
- **Insurance Provider:** c
- **Billing Amount:** 34758
- **Room Number:** 368
- **Admission Type:** b
- **Discharge Date:** 2021-03-05
- **Medication:** a
- **Test Results:** c

### Respondent 101

- **Age:** 29
- **Gender:** b
- **Blood Type:** f
- **Medical Condition:** e
- **Date of Admission:** 2022-10-24
- **Doctor:** DOC_101
- **Hospital:** HOSP_101
- **Insurance Provider:** c
- **Billing Amount:** 48145
- **Room Number:** 265
- **Admission Type:** a
- **Discharge Date:** 2022-12-31
- **Medication:** c
- **Test Results:** b

",43,"<example>
List all respondents with doctor = 'DOC_107' and hospital = 'HOSP_148'.

DATA:

# Survey Data

## Questions

- **Age:** What is your age? [Open-ended]
- **Gender:** What is your gender? [MCQ: A. Female B. Male]
- **Blood Type:** What is your blood type? [MCQ: A. A+ B. A- C. AB+ D. AB- E. B+ F. B- G. O+ H. O-]
- **Medical Condition:** What is your medical condition? [MCQ: A. Arthritis B. Asthma C. Cancer D. Diabetes E. Hypertension F. Obesity]
- **Date of Admission:** What is your date of admission? [Open-ended]
- **Doctor:** What is your doctor? [Open-ended]
- **Hospital:** What is your hospital? [Open-ended]
- **Insurance Provider:** What is your insurance provider? [MCQ: A. Aetna B. Blue Cross C. Cigna D. Medicare E. UnitedHealthcare]
- **Billing Amount:** What is your billing amount? [Open-ended]
- **Room Number:** What is your room number? [Open-ended]
- **Admission Type:** What is your admission type? [MCQ: A. Elective B. Emergency C. Urgent]
- **Discharge Date:** What is your discharge date? [Open-ended]
- **Medication:** What is your medication? [MCQ: A. Aspirin B. Ibuprofen C. Lipitor D. Paracetamol E. Penicillin]
- **Test Results:** What is your test results? [MCQ: A. Abnormal B. Inconclusive C. Normal]

## Responses

### Respondent 125

- **Age:** 20
- **Gender:** a
- **Blood Type:** a
- **Medical Condition:** a
- **Date of Admission:** 2020-03-08
- **Doctor:** DOC_125
- **Hospital:** HOSP_125
- **Insurance Provider:** d
- **Billing Amount:** 21772
- **Room Number:** 244
- **Admission Type:** a
- **Discharge Date:** 2020-02-12
- **Medication:** e
- **Test Results:** c

### Respondent 8

- **Age:** 23
- **Gender:** b
- **Blood Type:** e
- **Medical Condition:** e
- **Date of Admission:** 2022-06-17
- **Doctor:** DOC_08
- **Hospital:** HOSP_08
- **Insurance Provider:** c
- **Billing Amount:** 3909
- **Room Number:** 113
- **Admission Type:** a
- **Discharge Date:** 2022-09-07
- **Medication:** b
- **Test Results:** b

### Respondent 100

- **Age:** 42
- **Gender:** a
- **Blood Type:** b
- **Medical Condition:** e
- **Date of Admission:** 2023-08-13
- **Doctor:** DOC_100
- **Hospital:** HOSP_100
- **Insurance Provider:** d
- **Billing Amount:** 8000
- **Room Number:** 273
- **Admission Type:** c
- **Discharge Date:** 2023-08-25
- **Medication:** c
- **Test Results:** b

### Respondent 87

- **Age:** 55
- **Gender:** a
- **Blood Type:** a
- **Medical Condition:** d
- **Date of Admission:** 2023-04-09
- **Doctor:** DOC_87
- **Hospital:** HOSP_87
- **Insurance Provider:** a
- **Billing Amount:** 19581
- **Room Number:** 476
- **Admission Type:** a
- **Discharge Date:** 2023-01-27
- **Medication:** b
- **Test Results:** c

### Respondent 104

- **Age:** 60
- **Gender:** b
- **Blood Type:** b
- **Medical Condition:** f
- **Date of Admission:** 2019-11-03
- **Doctor:** DOC_104
- **Hospital:** HOSP_104
- **Insurance Provider:** c
- **Billing Amount:** 4532
- **Room Number:** 300
- **Admission Type:** a
- **Discharge Date:** 2019-11-23
- **Medication:** e
- **Test Results:** b

### Respondent 43

- **Age:** 47
- **Gender:** a
- **Blood Type:** d
- **Medical Condition:** f
- **Date of Admission:** 2022-11-05
- **Doctor:** DOC_43
- **Hospital:** HOSP_43
- **Insurance Provider:** b
- **Billing Amount:** 10710
- **Room Number:** 468
- **Admission Type:** a
- **Discharge Date:** 2023-04-21
- **Medication:** d
- **Test Results:** b

### Respondent 120

- **Age:** 51
- **Gender:** b
- **Blood Type:** f
- **Medical Condition:** b
- **Date of Admission:** 2021-08-01
- **Doctor:** DOC_120
- **Hospital:** HOSP_120
- **Insurance Provider:** a
- **Billing Amount:** 49402
- **Room Number:** 361
- **Admission Type:** c
- **Discharge Date:** 2021-07-01
- **Medication:** d
- **Test Results:** b

### Respondent 33

- **Age:** 67
- **Gender:** b
- **Blood Type:** e
- **Medical Condition:** d
- **Date of Admission:** 2022-06-24
- **Doctor:** DOC_33
- **Hospital:** HOSP_33
- **Insurance Provider:** a
- **Billing Amount:** 8321
- **Room Number:** 408
- **Admission Type:** b
- **Discharge Date:** 2022-07-25
- **Medication:** a
- **Test Results:** c

### Respondent 137

- **Age:** 24
- **Gender:** b
- **Blood Type:** h
- **Medical Condition:** e
- **Date of Admission:** 2022-09-21
- **Doctor:** DOC_137
- **Hospital:** HOSP_137
- **Insurance Provider:** a
- **Billing Amount:** 39477
- **Room Number:** 401
- **Admission Type:** b
- **Discharge Date:** 2022-10-14
- **Medication:** b
- **Test Results:** b

### Respondent 7

- **Age:** 57
- **Gender:** b
- **Blood Type:** f
- **Medical Condition:** d
- **Date of Admission:** 2021-03-05
- **Doctor:** DOC_07
- **Hospital:** HOSP_07
- **Insurance Provider:** c
- **Billing Amount:** 34758
- **Room Number:** 368
- **Admission Type:** b
- **Discharge Date:** 2021-03-05
- **Medication:** a
- **Test Results:** c

### Respondent 101

- **Age:** 29
- **Gender:** b
- **Blood Type:** f
- **Medical Condition:** e
- **Date of Admission:** 2022-10-24
- **Doctor:** DOC_101
- **Hospital:** HOSP_101
- **Insurance Provider:** c
- **Billing Amount:** 48145
- **Room Number:** 265
- **Admission Type:** a
- **Discharge Date:** 2022-12-31
- **Medication:** c
- **Test Results:** b



Answer: None
</example>

<questionnaire>
# Survey Data

## Questions

- **Age:** What is your age? [Open-ended]
- **Gender:** What is your gender? [MCQ: A. Female B. Male]
- **Blood Type:** What is your blood type? [MCQ: A. A+ B. A- C. AB+ D. AB- E. B+ F. B- G. O+ H. O-]
- **Medical Condition:** What is your medical condition? [MCQ: A. Arthritis B. Asthma C. Cancer D. Diabetes E. Hypertension F. Obesity]
- **Date of Admission:** What is your date of admission? [Open-ended]
- **Doctor:** What is your doctor? [Open-ended]
- **Hospital:** What is your hospital? [Open-ended]
- **Insurance Provider:** What is your insurance provider? [MCQ: A. Aetna B. Blue Cross C. Cigna D. Medicare E. UnitedHealthcare]
- **Billing Amount:** What is your billing amount? [Open-ended]
- **Room Number:** What is your room number? [Open-ended]
- **Admission Type:** What is your admission type? [MCQ: A. Elective B. Emergency C. Urgent]
- **Discharge Date:** What is your discharge date? [Open-ended]
- **Medication:** What is your medication? [MCQ: A. Aspirin B. Ibuprofen C. Lipitor D. Paracetamol E. Penicillin]
- **Test Results:** What is your test results? [MCQ: A. Abnormal B. Inconclusive C. Normal]

## Responses

### Respondent 125

- **Age:** 20
- **Gender:** a
- **Blood Type:** a
- **Medical Condition:** a
- **Date of Admission:** 2020-03-08
- **Doctor:** DOC_125
- **Hospital:** HOSP_125
- **Insurance Provider:** d
- **Billing Amount:** 21772
- **Room Number:** 244
- **Admission Type:** a
- **Discharge Date:** 2020-02-12
- **Medication:** e
- **Test Results:** c

### Respondent 8

- **Age:** 23
- **Gender:** b
- **Blood Type:** e
- **Medical Condition:** e
- **Date of Admission:** 2022-06-17
- **Doctor:** DOC_08
- **Hospital:** HOSP_08
- **Insurance Provider:** c
- **Billing Amount:** 3909
- **Room Number:** 113
- **Admission Type:** a
- **Discharge Date:** 2022-09-07
- **Medication:** b
- **Test Results:** b

### Respondent 100

- **Age:** 42
- **Gender:** a
- **Blood Type:** b
- **Medical Condition:** e
- **Date of Admission:** 2023-08-13
- **Doctor:** DOC_100
- **Hospital:** HOSP_100
- **Insurance Provider:** d
- **Billing Amount:** 8000
- **Room Number:** 273
- **Admission Type:** c
- **Discharge Date:** 2023-08-25
- **Medication:** c
- **Test Results:** b

### Respondent 87

- **Age:** 55
- **Gender:** a
- **Blood Type:** a
- **Medical Condition:** d
- **Date of Admission:** 2023-04-09
- **Doctor:** DOC_87
- **Hospital:** HOSP_87
- **Insurance Provider:** a
- **Billing Amount:** 19581
- **Room Number:** 476
- **Admission Type:** a
- **Discharge Date:** 2023-01-27
- **Medication:** b
- **Test Results:** c

### Respondent 104

- **Age:** 60
- **Gender:** b
- **Blood Type:** b
- **Medical Condition:** f
- **Date of Admission:** 2019-11-03
- **Doctor:** DOC_104
- **Hospital:** HOSP_104
- **Insurance Provider:** c
- **Billing Amount:** 4532
- **Room Number:** 300
- **Admission Type:** a
- **Discharge Date:** 2019-11-23
- **Medication:** e
- **Test Results:** b

### Respondent 43

- **Age:** 47
- **Gender:** a
- **Blood Type:** d
- **Medical Condition:** f
- **Date of Admission:** 2022-11-05
- **Doctor:** DOC_43
- **Hospital:** HOSP_43
- **Insurance Provider:** b
- **Billing Amount:** 10710
- **Room Number:** 468
- **Admission Type:** a
- **Discharge Date:** 2023-04-21
- **Medication:** d
- **Test Results:** b

### Respondent 120

- **Age:** 51
- **Gender:** b
- **Blood Type:** f
- **Medical Condition:** b
- **Date of Admission:** 2021-08-01
- **Doctor:** DOC_120
- **Hospital:** HOSP_120
- **Insurance Provider:** a
- **Billing Amount:** 49402
- **Room Number:** 361
- **Admission Type:** c
- **Discharge Date:** 2021-07-01
- **Medication:** d
- **Test Results:** b

### Respondent 33

- **Age:** 67
- **Gender:** b
- **Blood Type:** e
- **Medical Condition:** d
- **Date of Admission:** 2022-06-24
- **Doctor:** DOC_33
- **Hospital:** HOSP_33
- **Insurance Provider:** a
- **Billing Amount:** 8321
- **Room Number:** 408
- **Admission Type:** b
- **Discharge Date:** 2022-07-25
- **Medication:** a
- **Test Results:** c

### Respondent 137

- **Age:** 24
- **Gender:** b
- **Blood Type:** h
- **Medical Condition:** e
- **Date of Admission:** 2022-09-21
- **Doctor:** DOC_137
- **Hospital:** HOSP_137
- **Insurance Provider:** a
- **Billing Amount:** 39477
- **Room Number:** 401
- **Admission Type:** b
- **Discharge Date:** 2022-10-14
- **Medication:** b
- **Test Results:** b

### Respondent 7

- **Age:** 57
- **Gender:** b
- **Blood Type:** f
- **Medical Condition:** d
- **Date of Admission:** 2021-03-05
- **Doctor:** DOC_07
- **Hospital:** HOSP_07
- **Insurance Provider:** c
- **Billing Amount:** 34758
- **Room Number:** 368
- **Admission Type:** b
- **Discharge Date:** 2021-03-05
- **Medication:** a
- **Test Results:** c

### Respondent 101

- **Age:** 29
- **Gender:** b
- **Blood Type:** f
- **Medical Condition:** e
- **Date of Admission:** 2022-10-24
- **Doctor:** DOC_101
- **Hospital:** HOSP_101
- **Insurance Provider:** c
- **Billing Amount:** 48145
- **Room Number:** 265
- **Admission Type:** a
- **Discharge Date:** 2022-12-31
- **Medication:** c
- **Test Results:** b


</questionnaire>

<role>
You are a meticulous data analyst AI. Your primary function is to accurately analyze structured data and provide precise, verifiable answers.
</role>

<format>
You will be given a dataset with two key parts:

A 'questions' section: This is your data dictionary or schema. It is the single source of truth for understanding what each field and score means. Refer to it carefully.

A 'responses' section: This contains the raw data from each individual respondent.

To answer the question correctly, you must first use the 'questions' schema to fully understand the context and meaning of the data points within the 'responses'. Do not rely on any prior knowledge outside of this provided data. Base your entire analysis on the information given.
</format>

<output>
Provide your final answer directly and concisely. Output must be the human-readable value, not an option code.

Rules:
- For MCQ fields, map any letter codes in the Responses (case-insensitive) to the corresponding option text from the Questions schema, and output only that text. Do NOT include the letter or both.
  Example: If the schema is ""[MCQ: A. Abnormal B. Inconclusive C. Normal]"" and the response is ""a"", output ""Abnormal"".
- For open-ended fields, output the exact text value.
- If the question asks for a count, provide only the number (e.g., ""42"").
- If the question asks for a list of names or IDs, provide a simple comma-separated list (e.g., ""17, 21, 23"").
- Preserve capitalization exactly as in the schema (e.g., output ""Abnormal"", not ""abnormal"" or ""A"").
</output>

<task>
Which respondents have a blood type of 'AB-'?
</task>",,False
case_10,answer_reverse_lookup,List all respondents with admission type = 'Urgent' and medication = 'Paracetamol'.,"# Survey Data

## Questions

- **Age:** What is your age? [Open-ended]
- **Gender:** What is your gender? [MCQ: A. Female B. Male]
- **Blood Type:** What is your blood type? [MCQ: A. A+ B. A- C. AB+ D. AB- E. B+ F. B- G. O+ H. O-]
- **Medical Condition:** What is your medical condition? [MCQ: A. Arthritis B. Asthma C. Cancer D. Diabetes E. Hypertension F. Obesity]
- **Date of Admission:** What is your date of admission? [Open-ended]
- **Doctor:** What is your doctor? [Open-ended]
- **Hospital:** What is your hospital? [Open-ended]
- **Insurance Provider:** What is your insurance provider? [MCQ: A. Aetna B. Blue Cross C. Cigna D. Medicare E. UnitedHealthcare]
- **Billing Amount:** What is your billing amount? [Open-ended]
- **Room Number:** What is your room number? [Open-ended]
- **Admission Type:** What is your admission type? [MCQ: A. Elective B. Emergency C. Urgent]
- **Discharge Date:** What is your discharge date? [Open-ended]
- **Medication:** What is your medication? [MCQ: A. Aspirin B. Ibuprofen C. Lipitor D. Paracetamol E. Penicillin]
- **Test Results:** What is your test results? [MCQ: A. Abnormal B. Inconclusive C. Normal]

## Responses

### Respondent 22

- **Age:** 57
- **Gender:** b
- **Blood Type:** g
- **Medical Condition:** a
- **Date of Admission:** 2022-06-21
- **Doctor:** DOC_22
- **Hospital:** HOSP_22
- **Insurance Provider:** a
- **Billing Amount:** 5998
- **Room Number:** 325
- **Admission Type:** c
- **Discharge Date:** 2022-04-13
- **Medication:** c
- **Test Results:** b

### Respondent 110

- **Age:** 85
- **Gender:** b
- **Blood Type:** e
- **Medical Condition:** f
- **Date of Admission:** 2019-12-12
- **Doctor:** DOC_110
- **Hospital:** HOSP_110
- **Insurance Provider:** a
- **Billing Amount:** 24948
- **Room Number:** 368
- **Admission Type:** a
- **Discharge Date:** 2019-08-21
- **Medication:** d
- **Test Results:** b

### Respondent 35

- **Age:** 61
- **Gender:** b
- **Blood Type:** e
- **Medical Condition:** d
- **Date of Admission:** 2019-11-21
- **Doctor:** DOC_35
- **Hospital:** HOSP_35
- **Insurance Provider:** d
- **Billing Amount:** 10284
- **Room Number:** 371
- **Admission Type:** b
- **Discharge Date:** 2019-12-28
- **Medication:** e
- **Test Results:** a

### Respondent 119

- **Age:** 23
- **Gender:** a
- **Blood Type:** b
- **Medical Condition:** f
- **Date of Admission:** 2022-04-08
- **Doctor:** DOC_119
- **Hospital:** HOSP_119
- **Insurance Provider:** e
- **Billing Amount:** 6768
- **Room Number:** 157
- **Admission Type:** a
- **Discharge Date:** 2022-04-09
- **Medication:** c
- **Test Results:** a

### Respondent 47

- **Age:** 62
- **Gender:** b
- **Blood Type:** e
- **Medical Condition:** c
- **Date of Admission:** 2024-04-07
- **Doctor:** DOC_47
- **Hospital:** HOSP_47
- **Insurance Provider:** e
- **Billing Amount:** 25504
- **Room Number:** 425
- **Admission Type:** c
- **Discharge Date:** 2024-03-28
- **Medication:** b
- **Test Results:** c

",None,"<example>
List all respondents with doctor = 'DOC_107' and hospital = 'HOSP_148'.

DATA:

# Survey Data

## Questions

- **Age:** What is your age? [Open-ended]
- **Gender:** What is your gender? [MCQ: A. Female B. Male]
- **Blood Type:** What is your blood type? [MCQ: A. A+ B. A- C. AB+ D. AB- E. B+ F. B- G. O+ H. O-]
- **Medical Condition:** What is your medical condition? [MCQ: A. Arthritis B. Asthma C. Cancer D. Diabetes E. Hypertension F. Obesity]
- **Date of Admission:** What is your date of admission? [Open-ended]
- **Doctor:** What is your doctor? [Open-ended]
- **Hospital:** What is your hospital? [Open-ended]
- **Insurance Provider:** What is your insurance provider? [MCQ: A. Aetna B. Blue Cross C. Cigna D. Medicare E. UnitedHealthcare]
- **Billing Amount:** What is your billing amount? [Open-ended]
- **Room Number:** What is your room number? [Open-ended]
- **Admission Type:** What is your admission type? [MCQ: A. Elective B. Emergency C. Urgent]
- **Discharge Date:** What is your discharge date? [Open-ended]
- **Medication:** What is your medication? [MCQ: A. Aspirin B. Ibuprofen C. Lipitor D. Paracetamol E. Penicillin]
- **Test Results:** What is your test results? [MCQ: A. Abnormal B. Inconclusive C. Normal]

## Responses

### Respondent 22

- **Age:** 57
- **Gender:** b
- **Blood Type:** g
- **Medical Condition:** a
- **Date of Admission:** 2022-06-21
- **Doctor:** DOC_22
- **Hospital:** HOSP_22
- **Insurance Provider:** a
- **Billing Amount:** 5998
- **Room Number:** 325
- **Admission Type:** c
- **Discharge Date:** 2022-04-13
- **Medication:** c
- **Test Results:** b

### Respondent 110

- **Age:** 85
- **Gender:** b
- **Blood Type:** e
- **Medical Condition:** f
- **Date of Admission:** 2019-12-12
- **Doctor:** DOC_110
- **Hospital:** HOSP_110
- **Insurance Provider:** a
- **Billing Amount:** 24948
- **Room Number:** 368
- **Admission Type:** a
- **Discharge Date:** 2019-08-21
- **Medication:** d
- **Test Results:** b

### Respondent 35

- **Age:** 61
- **Gender:** b
- **Blood Type:** e
- **Medical Condition:** d
- **Date of Admission:** 2019-11-21
- **Doctor:** DOC_35
- **Hospital:** HOSP_35
- **Insurance Provider:** d
- **Billing Amount:** 10284
- **Room Number:** 371
- **Admission Type:** b
- **Discharge Date:** 2019-12-28
- **Medication:** e
- **Test Results:** a

### Respondent 119

- **Age:** 23
- **Gender:** a
- **Blood Type:** b
- **Medical Condition:** f
- **Date of Admission:** 2022-04-08
- **Doctor:** DOC_119
- **Hospital:** HOSP_119
- **Insurance Provider:** e
- **Billing Amount:** 6768
- **Room Number:** 157
- **Admission Type:** a
- **Discharge Date:** 2022-04-09
- **Medication:** c
- **Test Results:** a

### Respondent 47

- **Age:** 62
- **Gender:** b
- **Blood Type:** e
- **Medical Condition:** c
- **Date of Admission:** 2024-04-07
- **Doctor:** DOC_47
- **Hospital:** HOSP_47
- **Insurance Provider:** e
- **Billing Amount:** 25504
- **Room Number:** 425
- **Admission Type:** c
- **Discharge Date:** 2024-03-28
- **Medication:** b
- **Test Results:** c



Answer: None
</example>

<questionnaire>
# Survey Data

## Questions

- **Age:** What is your age? [Open-ended]
- **Gender:** What is your gender? [MCQ: A. Female B. Male]
- **Blood Type:** What is your blood type? [MCQ: A. A+ B. A- C. AB+ D. AB- E. B+ F. B- G. O+ H. O-]
- **Medical Condition:** What is your medical condition? [MCQ: A. Arthritis B. Asthma C. Cancer D. Diabetes E. Hypertension F. Obesity]
- **Date of Admission:** What is your date of admission? [Open-ended]
- **Doctor:** What is your doctor? [Open-ended]
- **Hospital:** What is your hospital? [Open-ended]
- **Insurance Provider:** What is your insurance provider? [MCQ: A. Aetna B. Blue Cross C. Cigna D. Medicare E. UnitedHealthcare]
- **Billing Amount:** What is your billing amount? [Open-ended]
- **Room Number:** What is your room number? [Open-ended]
- **Admission Type:** What is your admission type? [MCQ: A. Elective B. Emergency C. Urgent]
- **Discharge Date:** What is your discharge date? [Open-ended]
- **Medication:** What is your medication? [MCQ: A. Aspirin B. Ibuprofen C. Lipitor D. Paracetamol E. Penicillin]
- **Test Results:** What is your test results? [MCQ: A. Abnormal B. Inconclusive C. Normal]

## Responses

### Respondent 22

- **Age:** 57
- **Gender:** b
- **Blood Type:** g
- **Medical Condition:** a
- **Date of Admission:** 2022-06-21
- **Doctor:** DOC_22
- **Hospital:** HOSP_22
- **Insurance Provider:** a
- **Billing Amount:** 5998
- **Room Number:** 325
- **Admission Type:** c
- **Discharge Date:** 2022-04-13
- **Medication:** c
- **Test Results:** b

### Respondent 110

- **Age:** 85
- **Gender:** b
- **Blood Type:** e
- **Medical Condition:** f
- **Date of Admission:** 2019-12-12
- **Doctor:** DOC_110
- **Hospital:** HOSP_110
- **Insurance Provider:** a
- **Billing Amount:** 24948
- **Room Number:** 368
- **Admission Type:** a
- **Discharge Date:** 2019-08-21
- **Medication:** d
- **Test Results:** b

### Respondent 35

- **Age:** 61
- **Gender:** b
- **Blood Type:** e
- **Medical Condition:** d
- **Date of Admission:** 2019-11-21
- **Doctor:** DOC_35
- **Hospital:** HOSP_35
- **Insurance Provider:** d
- **Billing Amount:** 10284
- **Room Number:** 371
- **Admission Type:** b
- **Discharge Date:** 2019-12-28
- **Medication:** e
- **Test Results:** a

### Respondent 119

- **Age:** 23
- **Gender:** a
- **Blood Type:** b
- **Medical Condition:** f
- **Date of Admission:** 2022-04-08
- **Doctor:** DOC_119
- **Hospital:** HOSP_119
- **Insurance Provider:** e
- **Billing Amount:** 6768
- **Room Number:** 157
- **Admission Type:** a
- **Discharge Date:** 2022-04-09
- **Medication:** c
- **Test Results:** a

### Respondent 47

- **Age:** 62
- **Gender:** b
- **Blood Type:** e
- **Medical Condition:** c
- **Date of Admission:** 2024-04-07
- **Doctor:** DOC_47
- **Hospital:** HOSP_47
- **Insurance Provider:** e
- **Billing Amount:** 25504
- **Room Number:** 425
- **Admission Type:** c
- **Discharge Date:** 2024-03-28
- **Medication:** b
- **Test Results:** c


</questionnaire>

<role>
You are a meticulous data analyst AI. Your primary function is to accurately analyze structured data and provide precise, verifiable answers.
</role>

<format>
You will be given a dataset with two key parts:

A 'questions' section: This is your data dictionary or schema. It is the single source of truth for understanding what each field and score means. Refer to it carefully.

A 'responses' section: This contains the raw data from each individual respondent.

To answer the question correctly, you must first use the 'questions' schema to fully understand the context and meaning of the data points within the 'responses'. Do not rely on any prior knowledge outside of this provided data. Base your entire analysis on the information given.
</format>

<output>
Provide your final answer directly and concisely. Output must be the human-readable value, not an option code.

Rules:
- For MCQ fields, map any letter codes in the Responses (case-insensitive) to the corresponding option text from the Questions schema, and output only that text. Do NOT include the letter or both.
  Example: If the schema is ""[MCQ: A. Abnormal B. Inconclusive C. Normal]"" and the response is ""a"", output ""Abnormal"".
- For open-ended fields, output the exact text value.
- If the question asks for a count, provide only the number (e.g., ""42"").
- If the question asks for a list of names or IDs, provide a simple comma-separated list (e.g., ""17, 21, 23"").
- Preserve capitalization exactly as in the schema (e.g., output ""Abnormal"", not ""abnormal"" or ""A"").
</output>

<task>
List all respondents with admission type = 'Urgent' and medication = 'Paracetamol'.
</task>",,False
case_11,answer_reverse_lookup,Which respondents have a blood type of 'AB-'?,"# Survey Data

## Questions

- **Age:** What is your age? [Open-ended]
- **Gender:** What is your gender? [MCQ: A. Female B. Male]
- **Blood Type:** What is your blood type? [MCQ: A. A+ B. A- C. AB+ D. AB- E. B+ F. B- G. O+ H. O-]
- **Medical Condition:** What is your medical condition? [MCQ: A. Arthritis B. Asthma C. Cancer D. Diabetes E. Hypertension F. Obesity]
- **Date of Admission:** What is your date of admission? [Open-ended]
- **Doctor:** What is your doctor? [Open-ended]
- **Hospital:** What is your hospital? [Open-ended]
- **Insurance Provider:** What is your insurance provider? [MCQ: A. Aetna B. Blue Cross C. Cigna D. Medicare E. UnitedHealthcare]
- **Billing Amount:** What is your billing amount? [Open-ended]
- **Room Number:** What is your room number? [Open-ended]
- **Admission Type:** What is your admission type? [MCQ: A. Elective B. Emergency C. Urgent]
- **Discharge Date:** What is your discharge date? [Open-ended]
- **Medication:** What is your medication? [MCQ: A. Aspirin B. Ibuprofen C. Lipitor D. Paracetamol E. Penicillin]
- **Test Results:** What is your test results? [MCQ: A. Abnormal B. Inconclusive C. Normal]

## Responses

### Respondent 67

- **Age:** 21
- **Gender:** a
- **Blood Type:** a
- **Medical Condition:** c
- **Date of Admission:** 2021-11-19
- **Doctor:** DOC_67
- **Hospital:** HOSP_67
- **Insurance Provider:** c
- **Billing Amount:** 42685
- **Room Number:** 288
- **Admission Type:** b
- **Discharge Date:** 2021-12-12
- **Medication:** d
- **Test Results:** b

### Respondent 98

- **Age:** 34
- **Gender:** a
- **Blood Type:** e
- **Medical Condition:** b
- **Date of Admission:** 2021-04-17
- **Doctor:** DOC_98
- **Hospital:** HOSP_98
- **Insurance Provider:** e
- **Billing Amount:** 24637
- **Room Number:** 316
- **Admission Type:** a
- **Discharge Date:** 2021-03-11
- **Medication:** b
- **Test Results:** c

### Respondent 84

- **Age:** 40
- **Gender:** b
- **Blood Type:** d
- **Medical Condition:** f
- **Date of Admission:** 2020-01-27
- **Doctor:** DOC_84
- **Hospital:** HOSP_84
- **Insurance Provider:** c
- **Billing Amount:** 17993
- **Room Number:** 458
- **Admission Type:** c
- **Discharge Date:** 2020-05-13
- **Medication:** b
- **Test Results:** a

### Respondent 55

- **Age:** 30
- **Gender:** b
- **Blood Type:** d
- **Medical Condition:** e
- **Date of Admission:** 2024-03-17
- **Doctor:** DOC_55
- **Hospital:** HOSP_55
- **Insurance Provider:** d
- **Billing Amount:** 32562
- **Room Number:** 430
- **Admission Type:** b
- **Discharge Date:** 2024-04-22
- **Medication:** d
- **Test Results:** b

### Respondent 117

- **Age:** 58
- **Gender:** a
- **Blood Type:** d
- **Medical Condition:** c
- **Date of Admission:** 2021-01-17
- **Doctor:** DOC_117
- **Hospital:** HOSP_117
- **Insurance Provider:** e
- **Billing Amount:** 20228
- **Room Number:** 249
- **Admission Type:** a
- **Discharge Date:** 2021-07-31
- **Medication:** d
- **Test Results:** b

","84, 55, 117","<example>
List all respondents with doctor = 'DOC_107' and hospital = 'HOSP_148'.

DATA:

# Survey Data

## Questions

- **Age:** What is your age? [Open-ended]
- **Gender:** What is your gender? [MCQ: A. Female B. Male]
- **Blood Type:** What is your blood type? [MCQ: A. A+ B. A- C. AB+ D. AB- E. B+ F. B- G. O+ H. O-]
- **Medical Condition:** What is your medical condition? [MCQ: A. Arthritis B. Asthma C. Cancer D. Diabetes E. Hypertension F. Obesity]
- **Date of Admission:** What is your date of admission? [Open-ended]
- **Doctor:** What is your doctor? [Open-ended]
- **Hospital:** What is your hospital? [Open-ended]
- **Insurance Provider:** What is your insurance provider? [MCQ: A. Aetna B. Blue Cross C. Cigna D. Medicare E. UnitedHealthcare]
- **Billing Amount:** What is your billing amount? [Open-ended]
- **Room Number:** What is your room number? [Open-ended]
- **Admission Type:** What is your admission type? [MCQ: A. Elective B. Emergency C. Urgent]
- **Discharge Date:** What is your discharge date? [Open-ended]
- **Medication:** What is your medication? [MCQ: A. Aspirin B. Ibuprofen C. Lipitor D. Paracetamol E. Penicillin]
- **Test Results:** What is your test results? [MCQ: A. Abnormal B. Inconclusive C. Normal]

## Responses

### Respondent 67

- **Age:** 21
- **Gender:** a
- **Blood Type:** a
- **Medical Condition:** c
- **Date of Admission:** 2021-11-19
- **Doctor:** DOC_67
- **Hospital:** HOSP_67
- **Insurance Provider:** c
- **Billing Amount:** 42685
- **Room Number:** 288
- **Admission Type:** b
- **Discharge Date:** 2021-12-12
- **Medication:** d
- **Test Results:** b

### Respondent 98

- **Age:** 34
- **Gender:** a
- **Blood Type:** e
- **Medical Condition:** b
- **Date of Admission:** 2021-04-17
- **Doctor:** DOC_98
- **Hospital:** HOSP_98
- **Insurance Provider:** e
- **Billing Amount:** 24637
- **Room Number:** 316
- **Admission Type:** a
- **Discharge Date:** 2021-03-11
- **Medication:** b
- **Test Results:** c

### Respondent 84

- **Age:** 40
- **Gender:** b
- **Blood Type:** d
- **Medical Condition:** f
- **Date of Admission:** 2020-01-27
- **Doctor:** DOC_84
- **Hospital:** HOSP_84
- **Insurance Provider:** c
- **Billing Amount:** 17993
- **Room Number:** 458
- **Admission Type:** c
- **Discharge Date:** 2020-05-13
- **Medication:** b
- **Test Results:** a

### Respondent 55

- **Age:** 30
- **Gender:** b
- **Blood Type:** d
- **Medical Condition:** e
- **Date of Admission:** 2024-03-17
- **Doctor:** DOC_55
- **Hospital:** HOSP_55
- **Insurance Provider:** d
- **Billing Amount:** 32562
- **Room Number:** 430
- **Admission Type:** b
- **Discharge Date:** 2024-04-22
- **Medication:** d
- **Test Results:** b

### Respondent 117

- **Age:** 58
- **Gender:** a
- **Blood Type:** d
- **Medical Condition:** c
- **Date of Admission:** 2021-01-17
- **Doctor:** DOC_117
- **Hospital:** HOSP_117
- **Insurance Provider:** e
- **Billing Amount:** 20228
- **Room Number:** 249
- **Admission Type:** a
- **Discharge Date:** 2021-07-31
- **Medication:** d
- **Test Results:** b



Answer: None
</example>

<questionnaire>
# Survey Data

## Questions

- **Age:** What is your age? [Open-ended]
- **Gender:** What is your gender? [MCQ: A. Female B. Male]
- **Blood Type:** What is your blood type? [MCQ: A. A+ B. A- C. AB+ D. AB- E. B+ F. B- G. O+ H. O-]
- **Medical Condition:** What is your medical condition? [MCQ: A. Arthritis B. Asthma C. Cancer D. Diabetes E. Hypertension F. Obesity]
- **Date of Admission:** What is your date of admission? [Open-ended]
- **Doctor:** What is your doctor? [Open-ended]
- **Hospital:** What is your hospital? [Open-ended]
- **Insurance Provider:** What is your insurance provider? [MCQ: A. Aetna B. Blue Cross C. Cigna D. Medicare E. UnitedHealthcare]
- **Billing Amount:** What is your billing amount? [Open-ended]
- **Room Number:** What is your room number? [Open-ended]
- **Admission Type:** What is your admission type? [MCQ: A. Elective B. Emergency C. Urgent]
- **Discharge Date:** What is your discharge date? [Open-ended]
- **Medication:** What is your medication? [MCQ: A. Aspirin B. Ibuprofen C. Lipitor D. Paracetamol E. Penicillin]
- **Test Results:** What is your test results? [MCQ: A. Abnormal B. Inconclusive C. Normal]

## Responses

### Respondent 67

- **Age:** 21
- **Gender:** a
- **Blood Type:** a
- **Medical Condition:** c
- **Date of Admission:** 2021-11-19
- **Doctor:** DOC_67
- **Hospital:** HOSP_67
- **Insurance Provider:** c
- **Billing Amount:** 42685
- **Room Number:** 288
- **Admission Type:** b
- **Discharge Date:** 2021-12-12
- **Medication:** d
- **Test Results:** b

### Respondent 98

- **Age:** 34
- **Gender:** a
- **Blood Type:** e
- **Medical Condition:** b
- **Date of Admission:** 2021-04-17
- **Doctor:** DOC_98
- **Hospital:** HOSP_98
- **Insurance Provider:** e
- **Billing Amount:** 24637
- **Room Number:** 316
- **Admission Type:** a
- **Discharge Date:** 2021-03-11
- **Medication:** b
- **Test Results:** c

### Respondent 84

- **Age:** 40
- **Gender:** b
- **Blood Type:** d
- **Medical Condition:** f
- **Date of Admission:** 2020-01-27
- **Doctor:** DOC_84
- **Hospital:** HOSP_84
- **Insurance Provider:** c
- **Billing Amount:** 17993
- **Room Number:** 458
- **Admission Type:** c
- **Discharge Date:** 2020-05-13
- **Medication:** b
- **Test Results:** a

### Respondent 55

- **Age:** 30
- **Gender:** b
- **Blood Type:** d
- **Medical Condition:** e
- **Date of Admission:** 2024-03-17
- **Doctor:** DOC_55
- **Hospital:** HOSP_55
- **Insurance Provider:** d
- **Billing Amount:** 32562
- **Room Number:** 430
- **Admission Type:** b
- **Discharge Date:** 2024-04-22
- **Medication:** d
- **Test Results:** b

### Respondent 117

- **Age:** 58
- **Gender:** a
- **Blood Type:** d
- **Medical Condition:** c
- **Date of Admission:** 2021-01-17
- **Doctor:** DOC_117
- **Hospital:** HOSP_117
- **Insurance Provider:** e
- **Billing Amount:** 20228
- **Room Number:** 249
- **Admission Type:** a
- **Discharge Date:** 2021-07-31
- **Medication:** d
- **Test Results:** b


</questionnaire>

<role>
You are a meticulous data analyst AI. Your primary function is to accurately analyze structured data and provide precise, verifiable answers.
</role>

<format>
You will be given a dataset with two key parts:

A 'questions' section: This is your data dictionary or schema. It is the single source of truth for understanding what each field and score means. Refer to it carefully.

A 'responses' section: This contains the raw data from each individual respondent.

To answer the question correctly, you must first use the 'questions' schema to fully understand the context and meaning of the data points within the 'responses'. Do not rely on any prior knowledge outside of this provided data. Base your entire analysis on the information given.
</format>

<output>
Provide your final answer directly and concisely. Output must be the human-readable value, not an option code.

Rules:
- For MCQ fields, map any letter codes in the Responses (case-insensitive) to the corresponding option text from the Questions schema, and output only that text. Do NOT include the letter or both.
  Example: If the schema is ""[MCQ: A. Abnormal B. Inconclusive C. Normal]"" and the response is ""a"", output ""Abnormal"".
- For open-ended fields, output the exact text value.
- If the question asks for a count, provide only the number (e.g., ""42"").
- If the question asks for a list of names or IDs, provide a simple comma-separated list (e.g., ""17, 21, 23"").
- Preserve capitalization exactly as in the schema (e.g., output ""Abnormal"", not ""abnormal"" or ""A"").
</output>

<task>
Which respondents have a blood type of 'AB-'?
</task>",,False
case_12,answer_reverse_lookup,List all respondents with gender = 'Female' and test results = 'Abnormal'.,"# Survey Data

## Questions

- **Age:** What is your age? [Open-ended]
- **Gender:** What is your gender? [MCQ: A. Female B. Male]
- **Blood Type:** What is your blood type? [MCQ: A. A+ B. A- C. AB+ D. AB- E. B+ F. B- G. O+ H. O-]
- **Medical Condition:** What is your medical condition? [MCQ: A. Arthritis B. Asthma C. Cancer D. Diabetes E. Hypertension F. Obesity]
- **Date of Admission:** What is your date of admission? [Open-ended]
- **Doctor:** What is your doctor? [Open-ended]
- **Hospital:** What is your hospital? [Open-ended]
- **Insurance Provider:** What is your insurance provider? [MCQ: A. Aetna B. Blue Cross C. Cigna D. Medicare E. UnitedHealthcare]
- **Billing Amount:** What is your billing amount? [Open-ended]
- **Room Number:** What is your room number? [Open-ended]
- **Admission Type:** What is your admission type? [MCQ: A. Elective B. Emergency C. Urgent]
- **Discharge Date:** What is your discharge date? [Open-ended]
- **Medication:** What is your medication? [MCQ: A. Aspirin B. Ibuprofen C. Lipitor D. Paracetamol E. Penicillin]
- **Test Results:** What is your test results? [MCQ: A. Abnormal B. Inconclusive C. Normal]

## Responses

### Respondent 87

- **Age:** 55
- **Gender:** a
- **Blood Type:** a
- **Medical Condition:** d
- **Date of Admission:** 2023-04-09
- **Doctor:** DOC_87
- **Hospital:** HOSP_87
- **Insurance Provider:** a
- **Billing Amount:** 19581
- **Room Number:** 476
- **Admission Type:** a
- **Discharge Date:** 2023-01-27
- **Medication:** b
- **Test Results:** c

### Respondent 98

- **Age:** 34
- **Gender:** a
- **Blood Type:** e
- **Medical Condition:** b
- **Date of Admission:** 2021-04-17
- **Doctor:** DOC_98
- **Hospital:** HOSP_98
- **Insurance Provider:** e
- **Billing Amount:** 24637
- **Room Number:** 316
- **Admission Type:** a
- **Discharge Date:** 2021-03-11
- **Medication:** b
- **Test Results:** c

### Respondent 72

- **Age:** 72
- **Gender:** a
- **Blood Type:** c
- **Medical Condition:** e
- **Date of Admission:** 2020-05-15
- **Doctor:** DOC_72
- **Hospital:** HOSP_72
- **Insurance Provider:** d
- **Billing Amount:** 30437
- **Room Number:** 115
- **Admission Type:** b
- **Discharge Date:** 2020-06-14
- **Medication:** d
- **Test Results:** b

### Respondent 108

- **Age:** 63
- **Gender:** a
- **Blood Type:** a
- **Medical Condition:** a
- **Date of Admission:** 2020-08-11
- **Doctor:** DOC_108
- **Hospital:** HOSP_108
- **Insurance Provider:** e
- **Billing Amount:** 22951
- **Room Number:** 119
- **Admission Type:** a
- **Discharge Date:** 2020-07-20
- **Medication:** d
- **Test Results:** c

### Respondent 65

- **Age:** 33
- **Gender:** a
- **Blood Type:** g
- **Medical Condition:** e
- **Date of Admission:** 2021-12-28
- **Doctor:** DOC_65
- **Hospital:** HOSP_65
- **Insurance Provider:** c
- **Billing Amount:** 29851
- **Room Number:** 211
- **Admission Type:** a
- **Discharge Date:** 2021-12-09
- **Medication:** d
- **Test Results:** c

### Respondent 21

- **Age:** 57
- **Gender:** b
- **Blood Type:** e
- **Medical Condition:** a
- **Date of Admission:** 2021-11-13
- **Doctor:** DOC_21
- **Hospital:** HOSP_21
- **Insurance Provider:** e
- **Billing Amount:** 45586
- **Room Number:** 251
- **Admission Type:** b
- **Discharge Date:** 2021-08-19
- **Medication:** e
- **Test Results:** b

### Respondent 121

- **Age:** 76
- **Gender:** a
- **Blood Type:** f
- **Medical Condition:** e
- **Date of Admission:** 2021-10-27
- **Doctor:** DOC_121
- **Hospital:** HOSP_121
- **Insurance Provider:** c
- **Billing Amount:** 50119
- **Room Number:** 465
- **Admission Type:** b
- **Discharge Date:** 2021-11-21
- **Medication:** c
- **Test Results:** c

### Respondent 5

- **Age:** 54
- **Gender:** a
- **Blood Type:** c
- **Medical Condition:** c
- **Date of Admission:** 2020-05-08
- **Doctor:** DOC_05
- **Hospital:** HOSP_05
- **Insurance Provider:** e
- **Billing Amount:** 16399
- **Room Number:** 481
- **Admission Type:** b
- **Discharge Date:** 2020-03-07
- **Medication:** c
- **Test Results:** a

### Respondent 139

- **Age:** 33
- **Gender:** 
- **Blood Type:** f
- **Medical Condition:** b
- **Date of Admission:** 2024-02-06
- **Doctor:** DOC_139
- **Hospital:** HOSP_139
- **Insurance Provider:** b
- **Billing Amount:** 18843
- **Room Number:** 330
- **Admission Type:** c
- **Discharge Date:** 2024-02-03
- **Medication:** a
- **Test Results:** c

### Respondent 14

- **Age:** 85
- **Gender:** a
- **Blood Type:** e
- **Medical Condition:** b
- **Date of Admission:** 2023-10-03
- **Doctor:** DOC_14
- **Hospital:** HOSP_14
- **Insurance Provider:** c
- **Billing Amount:** 21186
- **Room Number:** 255
- **Admission Type:** a
- **Discharge Date:** 2023-09-11
- **Medication:** b
- **Test Results:** b

",5,"<example>
List all respondents with doctor = 'DOC_107' and hospital = 'HOSP_148'.

DATA:

# Survey Data

## Questions

- **Age:** What is your age? [Open-ended]
- **Gender:** What is your gender? [MCQ: A. Female B. Male]
- **Blood Type:** What is your blood type? [MCQ: A. A+ B. A- C. AB+ D. AB- E. B+ F. B- G. O+ H. O-]
- **Medical Condition:** What is your medical condition? [MCQ: A. Arthritis B. Asthma C. Cancer D. Diabetes E. Hypertension F. Obesity]
- **Date of Admission:** What is your date of admission? [Open-ended]
- **Doctor:** What is your doctor? [Open-ended]
- **Hospital:** What is your hospital? [Open-ended]
- **Insurance Provider:** What is your insurance provider? [MCQ: A. Aetna B. Blue Cross C. Cigna D. Medicare E. UnitedHealthcare]
- **Billing Amount:** What is your billing amount? [Open-ended]
- **Room Number:** What is your room number? [Open-ended]
- **Admission Type:** What is your admission type? [MCQ: A. Elective B. Emergency C. Urgent]
- **Discharge Date:** What is your discharge date? [Open-ended]
- **Medication:** What is your medication? [MCQ: A. Aspirin B. Ibuprofen C. Lipitor D. Paracetamol E. Penicillin]
- **Test Results:** What is your test results? [MCQ: A. Abnormal B. Inconclusive C. Normal]

## Responses

### Respondent 87

- **Age:** 55
- **Gender:** a
- **Blood Type:** a
- **Medical Condition:** d
- **Date of Admission:** 2023-04-09
- **Doctor:** DOC_87
- **Hospital:** HOSP_87
- **Insurance Provider:** a
- **Billing Amount:** 19581
- **Room Number:** 476
- **Admission Type:** a
- **Discharge Date:** 2023-01-27
- **Medication:** b
- **Test Results:** c

### Respondent 98

- **Age:** 34
- **Gender:** a
- **Blood Type:** e
- **Medical Condition:** b
- **Date of Admission:** 2021-04-17
- **Doctor:** DOC_98
- **Hospital:** HOSP_98
- **Insurance Provider:** e
- **Billing Amount:** 24637
- **Room Number:** 316
- **Admission Type:** a
- **Discharge Date:** 2021-03-11
- **Medication:** b
- **Test Results:** c

### Respondent 72

- **Age:** 72
- **Gender:** a
- **Blood Type:** c
- **Medical Condition:** e
- **Date of Admission:** 2020-05-15
- **Doctor:** DOC_72
- **Hospital:** HOSP_72
- **Insurance Provider:** d
- **Billing Amount:** 30437
- **Room Number:** 115
- **Admission Type:** b
- **Discharge Date:** 2020-06-14
- **Medication:** d
- **Test Results:** b

### Respondent 108

- **Age:** 63
- **Gender:** a
- **Blood Type:** a
- **Medical Condition:** a
- **Date of Admission:** 2020-08-11
- **Doctor:** DOC_108
- **Hospital:** HOSP_108
- **Insurance Provider:** e
- **Billing Amount:** 22951
- **Room Number:** 119
- **Admission Type:** a
- **Discharge Date:** 2020-07-20
- **Medication:** d
- **Test Results:** c

### Respondent 65

- **Age:** 33
- **Gender:** a
- **Blood Type:** g
- **Medical Condition:** e
- **Date of Admission:** 2021-12-28
- **Doctor:** DOC_65
- **Hospital:** HOSP_65
- **Insurance Provider:** c
- **Billing Amount:** 29851
- **Room Number:** 211
- **Admission Type:** a
- **Discharge Date:** 2021-12-09
- **Medication:** d
- **Test Results:** c

### Respondent 21

- **Age:** 57
- **Gender:** b
- **Blood Type:** e
- **Medical Condition:** a
- **Date of Admission:** 2021-11-13
- **Doctor:** DOC_21
- **Hospital:** HOSP_21
- **Insurance Provider:** e
- **Billing Amount:** 45586
- **Room Number:** 251
- **Admission Type:** b
- **Discharge Date:** 2021-08-19
- **Medication:** e
- **Test Results:** b

### Respondent 121

- **Age:** 76
- **Gender:** a
- **Blood Type:** f
- **Medical Condition:** e
- **Date of Admission:** 2021-10-27
- **Doctor:** DOC_121
- **Hospital:** HOSP_121
- **Insurance Provider:** c
- **Billing Amount:** 50119
- **Room Number:** 465
- **Admission Type:** b
- **Discharge Date:** 2021-11-21
- **Medication:** c
- **Test Results:** c

### Respondent 5

- **Age:** 54
- **Gender:** a
- **Blood Type:** c
- **Medical Condition:** c
- **Date of Admission:** 2020-05-08
- **Doctor:** DOC_05
- **Hospital:** HOSP_05
- **Insurance Provider:** e
- **Billing Amount:** 16399
- **Room Number:** 481
- **Admission Type:** b
- **Discharge Date:** 2020-03-07
- **Medication:** c
- **Test Results:** a

### Respondent 139

- **Age:** 33
- **Gender:** 
- **Blood Type:** f
- **Medical Condition:** b
- **Date of Admission:** 2024-02-06
- **Doctor:** DOC_139
- **Hospital:** HOSP_139
- **Insurance Provider:** b
- **Billing Amount:** 18843
- **Room Number:** 330
- **Admission Type:** c
- **Discharge Date:** 2024-02-03
- **Medication:** a
- **Test Results:** c

### Respondent 14

- **Age:** 85
- **Gender:** a
- **Blood Type:** e
- **Medical Condition:** b
- **Date of Admission:** 2023-10-03
- **Doctor:** DOC_14
- **Hospital:** HOSP_14
- **Insurance Provider:** c
- **Billing Amount:** 21186
- **Room Number:** 255
- **Admission Type:** a
- **Discharge Date:** 2023-09-11
- **Medication:** b
- **Test Results:** b



Answer: None
</example>

<questionnaire>
# Survey Data

## Questions

- **Age:** What is your age? [Open-ended]
- **Gender:** What is your gender? [MCQ: A. Female B. Male]
- **Blood Type:** What is your blood type? [MCQ: A. A+ B. A- C. AB+ D. AB- E. B+ F. B- G. O+ H. O-]
- **Medical Condition:** What is your medical condition? [MCQ: A. Arthritis B. Asthma C. Cancer D. Diabetes E. Hypertension F. Obesity]
- **Date of Admission:** What is your date of admission? [Open-ended]
- **Doctor:** What is your doctor? [Open-ended]
- **Hospital:** What is your hospital? [Open-ended]
- **Insurance Provider:** What is your insurance provider? [MCQ: A. Aetna B. Blue Cross C. Cigna D. Medicare E. UnitedHealthcare]
- **Billing Amount:** What is your billing amount? [Open-ended]
- **Room Number:** What is your room number? [Open-ended]
- **Admission Type:** What is your admission type? [MCQ: A. Elective B. Emergency C. Urgent]
- **Discharge Date:** What is your discharge date? [Open-ended]
- **Medication:** What is your medication? [MCQ: A. Aspirin B. Ibuprofen C. Lipitor D. Paracetamol E. Penicillin]
- **Test Results:** What is your test results? [MCQ: A. Abnormal B. Inconclusive C. Normal]

## Responses

### Respondent 87

- **Age:** 55
- **Gender:** a
- **Blood Type:** a
- **Medical Condition:** d
- **Date of Admission:** 2023-04-09
- **Doctor:** DOC_87
- **Hospital:** HOSP_87
- **Insurance Provider:** a
- **Billing Amount:** 19581
- **Room Number:** 476
- **Admission Type:** a
- **Discharge Date:** 2023-01-27
- **Medication:** b
- **Test Results:** c

### Respondent 98

- **Age:** 34
- **Gender:** a
- **Blood Type:** e
- **Medical Condition:** b
- **Date of Admission:** 2021-04-17
- **Doctor:** DOC_98
- **Hospital:** HOSP_98
- **Insurance Provider:** e
- **Billing Amount:** 24637
- **Room Number:** 316
- **Admission Type:** a
- **Discharge Date:** 2021-03-11
- **Medication:** b
- **Test Results:** c

### Respondent 72

- **Age:** 72
- **Gender:** a
- **Blood Type:** c
- **Medical Condition:** e
- **Date of Admission:** 2020-05-15
- **Doctor:** DOC_72
- **Hospital:** HOSP_72
- **Insurance Provider:** d
- **Billing Amount:** 30437
- **Room Number:** 115
- **Admission Type:** b
- **Discharge Date:** 2020-06-14
- **Medication:** d
- **Test Results:** b

### Respondent 108

- **Age:** 63
- **Gender:** a
- **Blood Type:** a
- **Medical Condition:** a
- **Date of Admission:** 2020-08-11
- **Doctor:** DOC_108
- **Hospital:** HOSP_108
- **Insurance Provider:** e
- **Billing Amount:** 22951
- **Room Number:** 119
- **Admission Type:** a
- **Discharge Date:** 2020-07-20
- **Medication:** d
- **Test Results:** c

### Respondent 65

- **Age:** 33
- **Gender:** a
- **Blood Type:** g
- **Medical Condition:** e
- **Date of Admission:** 2021-12-28
- **Doctor:** DOC_65
- **Hospital:** HOSP_65
- **Insurance Provider:** c
- **Billing Amount:** 29851
- **Room Number:** 211
- **Admission Type:** a
- **Discharge Date:** 2021-12-09
- **Medication:** d
- **Test Results:** c

### Respondent 21

- **Age:** 57
- **Gender:** b
- **Blood Type:** e
- **Medical Condition:** a
- **Date of Admission:** 2021-11-13
- **Doctor:** DOC_21
- **Hospital:** HOSP_21
- **Insurance Provider:** e
- **Billing Amount:** 45586
- **Room Number:** 251
- **Admission Type:** b
- **Discharge Date:** 2021-08-19
- **Medication:** e
- **Test Results:** b

### Respondent 121

- **Age:** 76
- **Gender:** a
- **Blood Type:** f
- **Medical Condition:** e
- **Date of Admission:** 2021-10-27
- **Doctor:** DOC_121
- **Hospital:** HOSP_121
- **Insurance Provider:** c
- **Billing Amount:** 50119
- **Room Number:** 465
- **Admission Type:** b
- **Discharge Date:** 2021-11-21
- **Medication:** c
- **Test Results:** c

### Respondent 5

- **Age:** 54
- **Gender:** a
- **Blood Type:** c
- **Medical Condition:** c
- **Date of Admission:** 2020-05-08
- **Doctor:** DOC_05
- **Hospital:** HOSP_05
- **Insurance Provider:** e
- **Billing Amount:** 16399
- **Room Number:** 481
- **Admission Type:** b
- **Discharge Date:** 2020-03-07
- **Medication:** c
- **Test Results:** a

### Respondent 139

- **Age:** 33
- **Gender:** 
- **Blood Type:** f
- **Medical Condition:** b
- **Date of Admission:** 2024-02-06
- **Doctor:** DOC_139
- **Hospital:** HOSP_139
- **Insurance Provider:** b
- **Billing Amount:** 18843
- **Room Number:** 330
- **Admission Type:** c
- **Discharge Date:** 2024-02-03
- **Medication:** a
- **Test Results:** c

### Respondent 14

- **Age:** 85
- **Gender:** a
- **Blood Type:** e
- **Medical Condition:** b
- **Date of Admission:** 2023-10-03
- **Doctor:** DOC_14
- **Hospital:** HOSP_14
- **Insurance Provider:** c
- **Billing Amount:** 21186
- **Room Number:** 255
- **Admission Type:** a
- **Discharge Date:** 2023-09-11
- **Medication:** b
- **Test Results:** b


</questionnaire>

<role>
You are a meticulous data analyst AI. Your primary function is to accurately analyze structured data and provide precise, verifiable answers.
</role>

<format>
You will be given a dataset with two key parts:

A 'questions' section: This is your data dictionary or schema. It is the single source of truth for understanding what each field and score means. Refer to it carefully.

A 'responses' section: This contains the raw data from each individual respondent.

To answer the question correctly, you must first use the 'questions' schema to fully understand the context and meaning of the data points within the 'responses'. Do not rely on any prior knowledge outside of this provided data. Base your entire analysis on the information given.
</format>

<output>
Provide your final answer directly and concisely. Output must be the human-readable value, not an option code.

Rules:
- For MCQ fields, map any letter codes in the Responses (case-insensitive) to the corresponding option text from the Questions schema, and output only that text. Do NOT include the letter or both.
  Example: If the schema is ""[MCQ: A. Abnormal B. Inconclusive C. Normal]"" and the response is ""a"", output ""Abnormal"".
- For open-ended fields, output the exact text value.
- If the question asks for a count, provide only the number (e.g., ""42"").
- If the question asks for a list of names or IDs, provide a simple comma-separated list (e.g., ""17, 21, 23"").
- Preserve capitalization exactly as in the schema (e.g., output ""Abnormal"", not ""abnormal"" or ""A"").
</output>

<task>
List all respondents with gender = 'Female' and test results = 'Abnormal'.
</task>",,False
case_13,answer_reverse_lookup,List all respondents with hospital = 'HOSP_33' and gender = 'Female'.,"# Survey Data

## Questions

- **Age:** What is your age? [Open-ended]
- **Gender:** What is your gender? [MCQ: A. Female B. Male]
- **Blood Type:** What is your blood type? [MCQ: A. A+ B. A- C. AB+ D. AB- E. B+ F. B- G. O+ H. O-]
- **Medical Condition:** What is your medical condition? [MCQ: A. Arthritis B. Asthma C. Cancer D. Diabetes E. Hypertension F. Obesity]
- **Date of Admission:** What is your date of admission? [Open-ended]
- **Doctor:** What is your doctor? [Open-ended]
- **Hospital:** What is your hospital? [Open-ended]
- **Insurance Provider:** What is your insurance provider? [MCQ: A. Aetna B. Blue Cross C. Cigna D. Medicare E. UnitedHealthcare]
- **Billing Amount:** What is your billing amount? [Open-ended]
- **Room Number:** What is your room number? [Open-ended]
- **Admission Type:** What is your admission type? [MCQ: A. Elective B. Emergency C. Urgent]
- **Discharge Date:** What is your discharge date? [Open-ended]
- **Medication:** What is your medication? [MCQ: A. Aspirin B. Ibuprofen C. Lipitor D. Paracetamol E. Penicillin]
- **Test Results:** What is your test results? [MCQ: A. Abnormal B. Inconclusive C. Normal]

## Responses

### Respondent 58

- **Age:** 58
- **Gender:** b
- **Blood Type:** b
- **Medical Condition:** d
- **Date of Admission:** 2020-05-22
- **Doctor:** DOC_58
- **Hospital:** HOSP_58
- **Insurance Provider:** c
- **Billing Amount:** 37952
- **Room Number:** 414
- **Admission Type:** c
- **Discharge Date:** 2020-06-08
- **Medication:** a
- **Test Results:** c

### Respondent 18

- **Age:** 19
- **Gender:** b
- **Blood Type:** e
- **Medical Condition:** e
- **Date of Admission:** 2019-08-18
- **Doctor:** DOC_18
- **Hospital:** HOSP_18
- **Insurance Provider:** b
- **Billing Amount:** 12263
- **Room Number:** 109
- **Admission Type:** b
- **Discharge Date:** 2019-11-22
- **Medication:** a
- **Test Results:** a

### Respondent 11

- **Age:** 76
- **Gender:** b
- **Blood Type:** c
- **Medical Condition:** e
- **Date of Admission:** 2022-07-07
- **Doctor:** DOC_11
- **Hospital:** HOSP_11
- **Insurance Provider:** e
- **Billing Amount:** 43
- **Room Number:** 394
- **Admission Type:** b
- **Discharge Date:** 2022-07-23
- **Medication:** b
- **Test Results:** b

### Respondent 8

- **Age:** 23
- **Gender:** b
- **Blood Type:** e
- **Medical Condition:** e
- **Date of Admission:** 2022-06-17
- **Doctor:** DOC_08
- **Hospital:** HOSP_08
- **Insurance Provider:** c
- **Billing Amount:** 3909
- **Room Number:** 113
- **Admission Type:** a
- **Discharge Date:** 2022-09-07
- **Medication:** b
- **Test Results:** b

### Respondent 64

- **Age:** 74
- **Gender:** a
- **Blood Type:** a
- **Medical Condition:** d
- **Date of Admission:** 2019-12-09
- **Doctor:** DOC_64
- **Hospital:** HOSP_64
- **Insurance Provider:** c
- **Billing Amount:** 45354
- **Room Number:** 135
- **Admission Type:** a
- **Discharge Date:** 2020-02-09
- **Medication:** e
- **Test Results:** a

### Respondent 52

- **Age:** 26
- **Gender:** b
- **Blood Type:** c
- **Medical Condition:** e
- **Date of Admission:** 2022-09-06
- **Doctor:** DOC_52
- **Hospital:** HOSP_52
- **Insurance Provider:** b
- **Billing Amount:** 2679
- **Room Number:** 427
- **Admission Type:** a
- **Discharge Date:** 2022-09-07
- **Medication:** d
- **Test Results:** a

### Respondent 6

- **Age:** 62
- **Gender:** b
- **Blood Type:** e
- **Medical Condition:** e
- **Date of Admission:** 2022-09-19
- **Doctor:** DOC_06
- **Hospital:** HOSP_06
- **Insurance Provider:** b
- **Billing Amount:** 25835
- **Room Number:** 489
- **Admission Type:** a
- **Discharge Date:** 2022-08-10
- **Medication:** d
- **Test Results:** b

### Respondent 40

- **Age:** 37
- **Gender:** a
- **Blood Type:** c
- **Medical Condition:** b
- **Date of Admission:** 2020-03-02
- **Doctor:** DOC_40
- **Hospital:** HOSP_40
- **Insurance Provider:** d
- **Billing Amount:** 17696
- **Room Number:** 380
- **Admission Type:** a
- **Discharge Date:** 2020-04-02
- **Medication:** b
- **Test Results:** a

### Respondent 62

- **Age:** 27
- **Gender:** b
- **Blood Type:** g
- **Medical Condition:** c
- **Date of Admission:** 2024-02-22
- **Doctor:** DOC_62
- **Hospital:** HOSP_62
- **Insurance Provider:** d
- **Billing Amount:** 44437
- **Room Number:** 376
- **Admission Type:** a
- **Discharge Date:** 2024-02-04
- **Medication:** b
- **Test Results:** a

### Respondent 33

- **Age:** 67
- **Gender:** b
- **Blood Type:** e
- **Medical Condition:** d
- **Date of Admission:** 2022-06-24
- **Doctor:** DOC_33
- **Hospital:** HOSP_33
- **Insurance Provider:** a
- **Billing Amount:** 8321
- **Room Number:** 408
- **Admission Type:** b
- **Discharge Date:** 2022-07-25
- **Medication:** a
- **Test Results:** c

",None,"<example>
List all respondents with doctor = 'DOC_107' and hospital = 'HOSP_148'.

DATA:

# Survey Data

## Questions

- **Age:** What is your age? [Open-ended]
- **Gender:** What is your gender? [MCQ: A. Female B. Male]
- **Blood Type:** What is your blood type? [MCQ: A. A+ B. A- C. AB+ D. AB- E. B+ F. B- G. O+ H. O-]
- **Medical Condition:** What is your medical condition? [MCQ: A. Arthritis B. Asthma C. Cancer D. Diabetes E. Hypertension F. Obesity]
- **Date of Admission:** What is your date of admission? [Open-ended]
- **Doctor:** What is your doctor? [Open-ended]
- **Hospital:** What is your hospital? [Open-ended]
- **Insurance Provider:** What is your insurance provider? [MCQ: A. Aetna B. Blue Cross C. Cigna D. Medicare E. UnitedHealthcare]
- **Billing Amount:** What is your billing amount? [Open-ended]
- **Room Number:** What is your room number? [Open-ended]
- **Admission Type:** What is your admission type? [MCQ: A. Elective B. Emergency C. Urgent]
- **Discharge Date:** What is your discharge date? [Open-ended]
- **Medication:** What is your medication? [MCQ: A. Aspirin B. Ibuprofen C. Lipitor D. Paracetamol E. Penicillin]
- **Test Results:** What is your test results? [MCQ: A. Abnormal B. Inconclusive C. Normal]

## Responses

### Respondent 58

- **Age:** 58
- **Gender:** b
- **Blood Type:** b
- **Medical Condition:** d
- **Date of Admission:** 2020-05-22
- **Doctor:** DOC_58
- **Hospital:** HOSP_58
- **Insurance Provider:** c
- **Billing Amount:** 37952
- **Room Number:** 414
- **Admission Type:** c
- **Discharge Date:** 2020-06-08
- **Medication:** a
- **Test Results:** c

### Respondent 18

- **Age:** 19
- **Gender:** b
- **Blood Type:** e
- **Medical Condition:** e
- **Date of Admission:** 2019-08-18
- **Doctor:** DOC_18
- **Hospital:** HOSP_18
- **Insurance Provider:** b
- **Billing Amount:** 12263
- **Room Number:** 109
- **Admission Type:** b
- **Discharge Date:** 2019-11-22
- **Medication:** a
- **Test Results:** a

### Respondent 11

- **Age:** 76
- **Gender:** b
- **Blood Type:** c
- **Medical Condition:** e
- **Date of Admission:** 2022-07-07
- **Doctor:** DOC_11
- **Hospital:** HOSP_11
- **Insurance Provider:** e
- **Billing Amount:** 43
- **Room Number:** 394
- **Admission Type:** b
- **Discharge Date:** 2022-07-23
- **Medication:** b
- **Test Results:** b

### Respondent 8

- **Age:** 23
- **Gender:** b
- **Blood Type:** e
- **Medical Condition:** e
- **Date of Admission:** 2022-06-17
- **Doctor:** DOC_08
- **Hospital:** HOSP_08
- **Insurance Provider:** c
- **Billing Amount:** 3909
- **Room Number:** 113
- **Admission Type:** a
- **Discharge Date:** 2022-09-07
- **Medication:** b
- **Test Results:** b

### Respondent 64

- **Age:** 74
- **Gender:** a
- **Blood Type:** a
- **Medical Condition:** d
- **Date of Admission:** 2019-12-09
- **Doctor:** DOC_64
- **Hospital:** HOSP_64
- **Insurance Provider:** c
- **Billing Amount:** 45354
- **Room Number:** 135
- **Admission Type:** a
- **Discharge Date:** 2020-02-09
- **Medication:** e
- **Test Results:** a

### Respondent 52

- **Age:** 26
- **Gender:** b
- **Blood Type:** c
- **Medical Condition:** e
- **Date of Admission:** 2022-09-06
- **Doctor:** DOC_52
- **Hospital:** HOSP_52
- **Insurance Provider:** b
- **Billing Amount:** 2679
- **Room Number:** 427
- **Admission Type:** a
- **Discharge Date:** 2022-09-07
- **Medication:** d
- **Test Results:** a

### Respondent 6

- **Age:** 62
- **Gender:** b
- **Blood Type:** e
- **Medical Condition:** e
- **Date of Admission:** 2022-09-19
- **Doctor:** DOC_06
- **Hospital:** HOSP_06
- **Insurance Provider:** b
- **Billing Amount:** 25835
- **Room Number:** 489
- **Admission Type:** a
- **Discharge Date:** 2022-08-10
- **Medication:** d
- **Test Results:** b

### Respondent 40

- **Age:** 37
- **Gender:** a
- **Blood Type:** c
- **Medical Condition:** b
- **Date of Admission:** 2020-03-02
- **Doctor:** DOC_40
- **Hospital:** HOSP_40
- **Insurance Provider:** d
- **Billing Amount:** 17696
- **Room Number:** 380
- **Admission Type:** a
- **Discharge Date:** 2020-04-02
- **Medication:** b
- **Test Results:** a

### Respondent 62

- **Age:** 27
- **Gender:** b
- **Blood Type:** g
- **Medical Condition:** c
- **Date of Admission:** 2024-02-22
- **Doctor:** DOC_62
- **Hospital:** HOSP_62
- **Insurance Provider:** d
- **Billing Amount:** 44437
- **Room Number:** 376
- **Admission Type:** a
- **Discharge Date:** 2024-02-04
- **Medication:** b
- **Test Results:** a

### Respondent 33

- **Age:** 67
- **Gender:** b
- **Blood Type:** e
- **Medical Condition:** d
- **Date of Admission:** 2022-06-24
- **Doctor:** DOC_33
- **Hospital:** HOSP_33
- **Insurance Provider:** a
- **Billing Amount:** 8321
- **Room Number:** 408
- **Admission Type:** b
- **Discharge Date:** 2022-07-25
- **Medication:** a
- **Test Results:** c



Answer: None
</example>

<questionnaire>
# Survey Data

## Questions

- **Age:** What is your age? [Open-ended]
- **Gender:** What is your gender? [MCQ: A. Female B. Male]
- **Blood Type:** What is your blood type? [MCQ: A. A+ B. A- C. AB+ D. AB- E. B+ F. B- G. O+ H. O-]
- **Medical Condition:** What is your medical condition? [MCQ: A. Arthritis B. Asthma C. Cancer D. Diabetes E. Hypertension F. Obesity]
- **Date of Admission:** What is your date of admission? [Open-ended]
- **Doctor:** What is your doctor? [Open-ended]
- **Hospital:** What is your hospital? [Open-ended]
- **Insurance Provider:** What is your insurance provider? [MCQ: A. Aetna B. Blue Cross C. Cigna D. Medicare E. UnitedHealthcare]
- **Billing Amount:** What is your billing amount? [Open-ended]
- **Room Number:** What is your room number? [Open-ended]
- **Admission Type:** What is your admission type? [MCQ: A. Elective B. Emergency C. Urgent]
- **Discharge Date:** What is your discharge date? [Open-ended]
- **Medication:** What is your medication? [MCQ: A. Aspirin B. Ibuprofen C. Lipitor D. Paracetamol E. Penicillin]
- **Test Results:** What is your test results? [MCQ: A. Abnormal B. Inconclusive C. Normal]

## Responses

### Respondent 58

- **Age:** 58
- **Gender:** b
- **Blood Type:** b
- **Medical Condition:** d
- **Date of Admission:** 2020-05-22
- **Doctor:** DOC_58
- **Hospital:** HOSP_58
- **Insurance Provider:** c
- **Billing Amount:** 37952
- **Room Number:** 414
- **Admission Type:** c
- **Discharge Date:** 2020-06-08
- **Medication:** a
- **Test Results:** c

### Respondent 18

- **Age:** 19
- **Gender:** b
- **Blood Type:** e
- **Medical Condition:** e
- **Date of Admission:** 2019-08-18
- **Doctor:** DOC_18
- **Hospital:** HOSP_18
- **Insurance Provider:** b
- **Billing Amount:** 12263
- **Room Number:** 109
- **Admission Type:** b
- **Discharge Date:** 2019-11-22
- **Medication:** a
- **Test Results:** a

### Respondent 11

- **Age:** 76
- **Gender:** b
- **Blood Type:** c
- **Medical Condition:** e
- **Date of Admission:** 2022-07-07
- **Doctor:** DOC_11
- **Hospital:** HOSP_11
- **Insurance Provider:** e
- **Billing Amount:** 43
- **Room Number:** 394
- **Admission Type:** b
- **Discharge Date:** 2022-07-23
- **Medication:** b
- **Test Results:** b

### Respondent 8

- **Age:** 23
- **Gender:** b
- **Blood Type:** e
- **Medical Condition:** e
- **Date of Admission:** 2022-06-17
- **Doctor:** DOC_08
- **Hospital:** HOSP_08
- **Insurance Provider:** c
- **Billing Amount:** 3909
- **Room Number:** 113
- **Admission Type:** a
- **Discharge Date:** 2022-09-07
- **Medication:** b
- **Test Results:** b

### Respondent 64

- **Age:** 74
- **Gender:** a
- **Blood Type:** a
- **Medical Condition:** d
- **Date of Admission:** 2019-12-09
- **Doctor:** DOC_64
- **Hospital:** HOSP_64
- **Insurance Provider:** c
- **Billing Amount:** 45354
- **Room Number:** 135
- **Admission Type:** a
- **Discharge Date:** 2020-02-09
- **Medication:** e
- **Test Results:** a

### Respondent 52

- **Age:** 26
- **Gender:** b
- **Blood Type:** c
- **Medical Condition:** e
- **Date of Admission:** 2022-09-06
- **Doctor:** DOC_52
- **Hospital:** HOSP_52
- **Insurance Provider:** b
- **Billing Amount:** 2679
- **Room Number:** 427
- **Admission Type:** a
- **Discharge Date:** 2022-09-07
- **Medication:** d
- **Test Results:** a

### Respondent 6

- **Age:** 62
- **Gender:** b
- **Blood Type:** e
- **Medical Condition:** e
- **Date of Admission:** 2022-09-19
- **Doctor:** DOC_06
- **Hospital:** HOSP_06
- **Insurance Provider:** b
- **Billing Amount:** 25835
- **Room Number:** 489
- **Admission Type:** a
- **Discharge Date:** 2022-08-10
- **Medication:** d
- **Test Results:** b

### Respondent 40

- **Age:** 37
- **Gender:** a
- **Blood Type:** c
- **Medical Condition:** b
- **Date of Admission:** 2020-03-02
- **Doctor:** DOC_40
- **Hospital:** HOSP_40
- **Insurance Provider:** d
- **Billing Amount:** 17696
- **Room Number:** 380
- **Admission Type:** a
- **Discharge Date:** 2020-04-02
- **Medication:** b
- **Test Results:** a

### Respondent 62

- **Age:** 27
- **Gender:** b
- **Blood Type:** g
- **Medical Condition:** c
- **Date of Admission:** 2024-02-22
- **Doctor:** DOC_62
- **Hospital:** HOSP_62
- **Insurance Provider:** d
- **Billing Amount:** 44437
- **Room Number:** 376
- **Admission Type:** a
- **Discharge Date:** 2024-02-04
- **Medication:** b
- **Test Results:** a

### Respondent 33

- **Age:** 67
- **Gender:** b
- **Blood Type:** e
- **Medical Condition:** d
- **Date of Admission:** 2022-06-24
- **Doctor:** DOC_33
- **Hospital:** HOSP_33
- **Insurance Provider:** a
- **Billing Amount:** 8321
- **Room Number:** 408
- **Admission Type:** b
- **Discharge Date:** 2022-07-25
- **Medication:** a
- **Test Results:** c


</questionnaire>

<role>
You are a meticulous data analyst AI. Your primary function is to accurately analyze structured data and provide precise, verifiable answers.
</role>

<format>
You will be given a dataset with two key parts:

A 'questions' section: This is your data dictionary or schema. It is the single source of truth for understanding what each field and score means. Refer to it carefully.

A 'responses' section: This contains the raw data from each individual respondent.

To answer the question correctly, you must first use the 'questions' schema to fully understand the context and meaning of the data points within the 'responses'. Do not rely on any prior knowledge outside of this provided data. Base your entire analysis on the information given.
</format>

<output>
Provide your final answer directly and concisely. Output must be the human-readable value, not an option code.

Rules:
- For MCQ fields, map any letter codes in the Responses (case-insensitive) to the corresponding option text from the Questions schema, and output only that text. Do NOT include the letter or both.
  Example: If the schema is ""[MCQ: A. Abnormal B. Inconclusive C. Normal]"" and the response is ""a"", output ""Abnormal"".
- For open-ended fields, output the exact text value.
- If the question asks for a count, provide only the number (e.g., ""42"").
- If the question asks for a list of names or IDs, provide a simple comma-separated list (e.g., ""17, 21, 23"").
- Preserve capitalization exactly as in the schema (e.g., output ""Abnormal"", not ""abnormal"" or ""A"").
</output>

<task>
List all respondents with hospital = 'HOSP_33' and gender = 'Female'.
</task>",,False
case_14,answer_reverse_lookup,List all respondents with gender = 'Female' and blood type = 'A+'.,"# Survey Data

## Questions

- **Age:** What is your age? [Open-ended]
- **Gender:** What is your gender? [MCQ: A. Female B. Male]
- **Blood Type:** What is your blood type? [MCQ: A. A+ B. A- C. AB+ D. AB- E. B+ F. B- G. O+ H. O-]
- **Medical Condition:** What is your medical condition? [MCQ: A. Arthritis B. Asthma C. Cancer D. Diabetes E. Hypertension F. Obesity]
- **Date of Admission:** What is your date of admission? [Open-ended]
- **Doctor:** What is your doctor? [Open-ended]
- **Hospital:** What is your hospital? [Open-ended]
- **Insurance Provider:** What is your insurance provider? [MCQ: A. Aetna B. Blue Cross C. Cigna D. Medicare E. UnitedHealthcare]
- **Billing Amount:** What is your billing amount? [Open-ended]
- **Room Number:** What is your room number? [Open-ended]
- **Admission Type:** What is your admission type? [MCQ: A. Elective B. Emergency C. Urgent]
- **Discharge Date:** What is your discharge date? [Open-ended]
- **Medication:** What is your medication? [MCQ: A. Aspirin B. Ibuprofen C. Lipitor D. Paracetamol E. Penicillin]
- **Test Results:** What is your test results? [MCQ: A. Abnormal B. Inconclusive C. Normal]

## Responses

### Respondent 30

- **Age:** 25
- **Gender:** a
- **Blood Type:** f
- **Medical Condition:** b
- **Date of Admission:** 2023-05-24
- **Doctor:** DOC_30
- **Hospital:** HOSP_30
- **Insurance Provider:** d
- **Billing Amount:** 10301
- **Room Number:** 272
- **Admission Type:** b
- **Discharge Date:** 2023-06-15
- **Medication:** b
- **Test Results:** a

### Respondent 145

- **Age:** 68
- **Gender:** b
- **Blood Type:** c
- **Medical Condition:** e
- **Date of Admission:** 2020-11-03
- **Doctor:** DOC_145
- **Hospital:** HOSP_145
- **Insurance Provider:** a
- **Billing Amount:** 46430
- **Room Number:** 144
- **Admission Type:** c
- **Discharge Date:** 2020-09-04
- **Medication:** e
- **Test Results:** a

### Respondent 56

- **Age:** 73
- **Gender:** b
- **Blood Type:** c
- **Medical Condition:** f
- **Date of Admission:** 2020-01-30
- **Doctor:** DOC_56
- **Hospital:** HOSP_56
- **Insurance Provider:** d
- **Billing Amount:** 19747
- **Room Number:** 180
- **Admission Type:** c
- **Discharge Date:** 2020-06-01
- **Medication:** a
- **Test Results:** a

### Respondent 120

- **Age:** 51
- **Gender:** b
- **Blood Type:** f
- **Medical Condition:** b
- **Date of Admission:** 2021-08-01
- **Doctor:** DOC_120
- **Hospital:** HOSP_120
- **Insurance Provider:** a
- **Billing Amount:** 49402
- **Room Number:** 361
- **Admission Type:** c
- **Discharge Date:** 2021-07-01
- **Medication:** d
- **Test Results:** b

### Respondent 66

- **Age:** 18
- **Gender:** b
- **Blood Type:** e
- **Medical Condition:** b
- **Date of Admission:** 2022-11-15
- **Doctor:** DOC_66
- **Hospital:** HOSP_66
- **Insurance Provider:** e
- **Billing Amount:** 27955
- **Room Number:** 231
- **Admission Type:** a
- **Discharge Date:** 2022-11-22
- **Medication:** a
- **Test Results:** b

### Respondent 95

- **Age:** 75
- **Gender:** a
- **Blood Type:** b
- **Medical Condition:** e
- **Date of Admission:** 2019-08-20
- **Doctor:** DOC_95
- **Hospital:** HOSP_95
- **Insurance Provider:** a
- **Billing Amount:** 26062
- **Room Number:** 138
- **Admission Type:** a
- **Discharge Date:** 2019-06-04
- **Medication:** c
- **Test Results:** a

### Respondent 43

- **Age:** 47
- **Gender:** a
- **Blood Type:** d
- **Medical Condition:** f
- **Date of Admission:** 2022-11-05
- **Doctor:** DOC_43
- **Hospital:** HOSP_43
- **Insurance Provider:** b
- **Billing Amount:** 10710
- **Room Number:** 468
- **Admission Type:** a
- **Discharge Date:** 2023-04-21
- **Medication:** d
- **Test Results:** b

### Respondent 42

- **Age:** 76
- **Gender:** a
- **Blood Type:** g
- **Medical Condition:** c
- **Date of Admission:** 2019-08-16
- **Doctor:** DOC_42
- **Hospital:** HOSP_42
- **Insurance Provider:** c
- **Billing Amount:** 14362
- **Room Number:** 152
- **Admission Type:** c
- **Discharge Date:** 2019-08-05
- **Medication:** b
- **Test Results:** a

### Respondent 80

- **Age:** 40
- **Gender:** b
- **Blood Type:** c
- **Medical Condition:** c
- **Date of Admission:** 2021-11-13
- **Doctor:** DOC_80
- **Hospital:** HOSP_80
- **Insurance Provider:** e
- **Billing Amount:** 43282
- **Room Number:** 196
- **Admission Type:** c
- **Discharge Date:** 2021-03-14
- **Medication:** d
- **Test Results:** c

### Respondent 28

- **Age:** 32
- **Gender:** b
- **Blood Type:** c
- **Medical Condition:** d
- **Date of Admission:** 2019-11-05
- **Doctor:** DOC_28
- **Hospital:** HOSP_28
- **Insurance Provider:** a
- **Billing Amount:** 5767
- **Room Number:** 492
- **Admission Type:** c
- **Discharge Date:** 2019-10-15
- **Medication:** d
- **Test Results:** b

### Respondent 149

- **Age:** 63
- **Gender:** b
- **Blood Type:** a
- **Medical Condition:** f
- **Date of Admission:** 2019-10-14
- **Doctor:** DOC_149
- **Hospital:** HOSP_149
- **Insurance Provider:** d
- **Billing Amount:** 33211
- **Room Number:** 263
- **Admission Type:** b
- **Discharge Date:** 2019-10-16
- **Medication:** b
- **Test Results:** c

### Respondent 7

- **Age:** 57
- **Gender:** b
- **Blood Type:** f
- **Medical Condition:** d
- **Date of Admission:** 2021-03-05
- **Doctor:** DOC_07
- **Hospital:** HOSP_07
- **Insurance Provider:** c
- **Billing Amount:** 34758
- **Room Number:** 368
- **Admission Type:** b
- **Discharge Date:** 2021-03-05
- **Medication:** a
- **Test Results:** c

",None,"<example>
List all respondents with doctor = 'DOC_107' and hospital = 'HOSP_148'.

DATA:

# Survey Data

## Questions

- **Age:** What is your age? [Open-ended]
- **Gender:** What is your gender? [MCQ: A. Female B. Male]
- **Blood Type:** What is your blood type? [MCQ: A. A+ B. A- C. AB+ D. AB- E. B+ F. B- G. O+ H. O-]
- **Medical Condition:** What is your medical condition? [MCQ: A. Arthritis B. Asthma C. Cancer D. Diabetes E. Hypertension F. Obesity]
- **Date of Admission:** What is your date of admission? [Open-ended]
- **Doctor:** What is your doctor? [Open-ended]
- **Hospital:** What is your hospital? [Open-ended]
- **Insurance Provider:** What is your insurance provider? [MCQ: A. Aetna B. Blue Cross C. Cigna D. Medicare E. UnitedHealthcare]
- **Billing Amount:** What is your billing amount? [Open-ended]
- **Room Number:** What is your room number? [Open-ended]
- **Admission Type:** What is your admission type? [MCQ: A. Elective B. Emergency C. Urgent]
- **Discharge Date:** What is your discharge date? [Open-ended]
- **Medication:** What is your medication? [MCQ: A. Aspirin B. Ibuprofen C. Lipitor D. Paracetamol E. Penicillin]
- **Test Results:** What is your test results? [MCQ: A. Abnormal B. Inconclusive C. Normal]

## Responses

### Respondent 30

- **Age:** 25
- **Gender:** a
- **Blood Type:** f
- **Medical Condition:** b
- **Date of Admission:** 2023-05-24
- **Doctor:** DOC_30
- **Hospital:** HOSP_30
- **Insurance Provider:** d
- **Billing Amount:** 10301
- **Room Number:** 272
- **Admission Type:** b
- **Discharge Date:** 2023-06-15
- **Medication:** b
- **Test Results:** a

### Respondent 145

- **Age:** 68
- **Gender:** b
- **Blood Type:** c
- **Medical Condition:** e
- **Date of Admission:** 2020-11-03
- **Doctor:** DOC_145
- **Hospital:** HOSP_145
- **Insurance Provider:** a
- **Billing Amount:** 46430
- **Room Number:** 144
- **Admission Type:** c
- **Discharge Date:** 2020-09-04
- **Medication:** e
- **Test Results:** a

### Respondent 56

- **Age:** 73
- **Gender:** b
- **Blood Type:** c
- **Medical Condition:** f
- **Date of Admission:** 2020-01-30
- **Doctor:** DOC_56
- **Hospital:** HOSP_56
- **Insurance Provider:** d
- **Billing Amount:** 19747
- **Room Number:** 180
- **Admission Type:** c
- **Discharge Date:** 2020-06-01
- **Medication:** a
- **Test Results:** a

### Respondent 120

- **Age:** 51
- **Gender:** b
- **Blood Type:** f
- **Medical Condition:** b
- **Date of Admission:** 2021-08-01
- **Doctor:** DOC_120
- **Hospital:** HOSP_120
- **Insurance Provider:** a
- **Billing Amount:** 49402
- **Room Number:** 361
- **Admission Type:** c
- **Discharge Date:** 2021-07-01
- **Medication:** d
- **Test Results:** b

### Respondent 66

- **Age:** 18
- **Gender:** b
- **Blood Type:** e
- **Medical Condition:** b
- **Date of Admission:** 2022-11-15
- **Doctor:** DOC_66
- **Hospital:** HOSP_66
- **Insurance Provider:** e
- **Billing Amount:** 27955
- **Room Number:** 231
- **Admission Type:** a
- **Discharge Date:** 2022-11-22
- **Medication:** a
- **Test Results:** b

### Respondent 95

- **Age:** 75
- **Gender:** a
- **Blood Type:** b
- **Medical Condition:** e
- **Date of Admission:** 2019-08-20
- **Doctor:** DOC_95
- **Hospital:** HOSP_95
- **Insurance Provider:** a
- **Billing Amount:** 26062
- **Room Number:** 138
- **Admission Type:** a
- **Discharge Date:** 2019-06-04
- **Medication:** c
- **Test Results:** a

### Respondent 43

- **Age:** 47
- **Gender:** a
- **Blood Type:** d
- **Medical Condition:** f
- **Date of Admission:** 2022-11-05
- **Doctor:** DOC_43
- **Hospital:** HOSP_43
- **Insurance Provider:** b
- **Billing Amount:** 10710
- **Room Number:** 468
- **Admission Type:** a
- **Discharge Date:** 2023-04-21
- **Medication:** d
- **Test Results:** b

### Respondent 42

- **Age:** 76
- **Gender:** a
- **Blood Type:** g
- **Medical Condition:** c
- **Date of Admission:** 2019-08-16
- **Doctor:** DOC_42
- **Hospital:** HOSP_42
- **Insurance Provider:** c
- **Billing Amount:** 14362
- **Room Number:** 152
- **Admission Type:** c
- **Discharge Date:** 2019-08-05
- **Medication:** b
- **Test Results:** a

### Respondent 80

- **Age:** 40
- **Gender:** b
- **Blood Type:** c
- **Medical Condition:** c
- **Date of Admission:** 2021-11-13
- **Doctor:** DOC_80
- **Hospital:** HOSP_80
- **Insurance Provider:** e
- **Billing Amount:** 43282
- **Room Number:** 196
- **Admission Type:** c
- **Discharge Date:** 2021-03-14
- **Medication:** d
- **Test Results:** c

### Respondent 28

- **Age:** 32
- **Gender:** b
- **Blood Type:** c
- **Medical Condition:** d
- **Date of Admission:** 2019-11-05
- **Doctor:** DOC_28
- **Hospital:** HOSP_28
- **Insurance Provider:** a
- **Billing Amount:** 5767
- **Room Number:** 492
- **Admission Type:** c
- **Discharge Date:** 2019-10-15
- **Medication:** d
- **Test Results:** b

### Respondent 149

- **Age:** 63
- **Gender:** b
- **Blood Type:** a
- **Medical Condition:** f
- **Date of Admission:** 2019-10-14
- **Doctor:** DOC_149
- **Hospital:** HOSP_149
- **Insurance Provider:** d
- **Billing Amount:** 33211
- **Room Number:** 263
- **Admission Type:** b
- **Discharge Date:** 2019-10-16
- **Medication:** b
- **Test Results:** c

### Respondent 7

- **Age:** 57
- **Gender:** b
- **Blood Type:** f
- **Medical Condition:** d
- **Date of Admission:** 2021-03-05
- **Doctor:** DOC_07
- **Hospital:** HOSP_07
- **Insurance Provider:** c
- **Billing Amount:** 34758
- **Room Number:** 368
- **Admission Type:** b
- **Discharge Date:** 2021-03-05
- **Medication:** a
- **Test Results:** c



Answer: None
</example>

<questionnaire>
# Survey Data

## Questions

- **Age:** What is your age? [Open-ended]
- **Gender:** What is your gender? [MCQ: A. Female B. Male]
- **Blood Type:** What is your blood type? [MCQ: A. A+ B. A- C. AB+ D. AB- E. B+ F. B- G. O+ H. O-]
- **Medical Condition:** What is your medical condition? [MCQ: A. Arthritis B. Asthma C. Cancer D. Diabetes E. Hypertension F. Obesity]
- **Date of Admission:** What is your date of admission? [Open-ended]
- **Doctor:** What is your doctor? [Open-ended]
- **Hospital:** What is your hospital? [Open-ended]
- **Insurance Provider:** What is your insurance provider? [MCQ: A. Aetna B. Blue Cross C. Cigna D. Medicare E. UnitedHealthcare]
- **Billing Amount:** What is your billing amount? [Open-ended]
- **Room Number:** What is your room number? [Open-ended]
- **Admission Type:** What is your admission type? [MCQ: A. Elective B. Emergency C. Urgent]
- **Discharge Date:** What is your discharge date? [Open-ended]
- **Medication:** What is your medication? [MCQ: A. Aspirin B. Ibuprofen C. Lipitor D. Paracetamol E. Penicillin]
- **Test Results:** What is your test results? [MCQ: A. Abnormal B. Inconclusive C. Normal]

## Responses

### Respondent 30

- **Age:** 25
- **Gender:** a
- **Blood Type:** f
- **Medical Condition:** b
- **Date of Admission:** 2023-05-24
- **Doctor:** DOC_30
- **Hospital:** HOSP_30
- **Insurance Provider:** d
- **Billing Amount:** 10301
- **Room Number:** 272
- **Admission Type:** b
- **Discharge Date:** 2023-06-15
- **Medication:** b
- **Test Results:** a

### Respondent 145

- **Age:** 68
- **Gender:** b
- **Blood Type:** c
- **Medical Condition:** e
- **Date of Admission:** 2020-11-03
- **Doctor:** DOC_145
- **Hospital:** HOSP_145
- **Insurance Provider:** a
- **Billing Amount:** 46430
- **Room Number:** 144
- **Admission Type:** c
- **Discharge Date:** 2020-09-04
- **Medication:** e
- **Test Results:** a

### Respondent 56

- **Age:** 73
- **Gender:** b
- **Blood Type:** c
- **Medical Condition:** f
- **Date of Admission:** 2020-01-30
- **Doctor:** DOC_56
- **Hospital:** HOSP_56
- **Insurance Provider:** d
- **Billing Amount:** 19747
- **Room Number:** 180
- **Admission Type:** c
- **Discharge Date:** 2020-06-01
- **Medication:** a
- **Test Results:** a

### Respondent 120

- **Age:** 51
- **Gender:** b
- **Blood Type:** f
- **Medical Condition:** b
- **Date of Admission:** 2021-08-01
- **Doctor:** DOC_120
- **Hospital:** HOSP_120
- **Insurance Provider:** a
- **Billing Amount:** 49402
- **Room Number:** 361
- **Admission Type:** c
- **Discharge Date:** 2021-07-01
- **Medication:** d
- **Test Results:** b

### Respondent 66

- **Age:** 18
- **Gender:** b
- **Blood Type:** e
- **Medical Condition:** b
- **Date of Admission:** 2022-11-15
- **Doctor:** DOC_66
- **Hospital:** HOSP_66
- **Insurance Provider:** e
- **Billing Amount:** 27955
- **Room Number:** 231
- **Admission Type:** a
- **Discharge Date:** 2022-11-22
- **Medication:** a
- **Test Results:** b

### Respondent 95

- **Age:** 75
- **Gender:** a
- **Blood Type:** b
- **Medical Condition:** e
- **Date of Admission:** 2019-08-20
- **Doctor:** DOC_95
- **Hospital:** HOSP_95
- **Insurance Provider:** a
- **Billing Amount:** 26062
- **Room Number:** 138
- **Admission Type:** a
- **Discharge Date:** 2019-06-04
- **Medication:** c
- **Test Results:** a

### Respondent 43

- **Age:** 47
- **Gender:** a
- **Blood Type:** d
- **Medical Condition:** f
- **Date of Admission:** 2022-11-05
- **Doctor:** DOC_43
- **Hospital:** HOSP_43
- **Insurance Provider:** b
- **Billing Amount:** 10710
- **Room Number:** 468
- **Admission Type:** a
- **Discharge Date:** 2023-04-21
- **Medication:** d
- **Test Results:** b

### Respondent 42

- **Age:** 76
- **Gender:** a
- **Blood Type:** g
- **Medical Condition:** c
- **Date of Admission:** 2019-08-16
- **Doctor:** DOC_42
- **Hospital:** HOSP_42
- **Insurance Provider:** c
- **Billing Amount:** 14362
- **Room Number:** 152
- **Admission Type:** c
- **Discharge Date:** 2019-08-05
- **Medication:** b
- **Test Results:** a

### Respondent 80

- **Age:** 40
- **Gender:** b
- **Blood Type:** c
- **Medical Condition:** c
- **Date of Admission:** 2021-11-13
- **Doctor:** DOC_80
- **Hospital:** HOSP_80
- **Insurance Provider:** e
- **Billing Amount:** 43282
- **Room Number:** 196
- **Admission Type:** c
- **Discharge Date:** 2021-03-14
- **Medication:** d
- **Test Results:** c

### Respondent 28

- **Age:** 32
- **Gender:** b
- **Blood Type:** c
- **Medical Condition:** d
- **Date of Admission:** 2019-11-05
- **Doctor:** DOC_28
- **Hospital:** HOSP_28
- **Insurance Provider:** a
- **Billing Amount:** 5767
- **Room Number:** 492
- **Admission Type:** c
- **Discharge Date:** 2019-10-15
- **Medication:** d
- **Test Results:** b

### Respondent 149

- **Age:** 63
- **Gender:** b
- **Blood Type:** a
- **Medical Condition:** f
- **Date of Admission:** 2019-10-14
- **Doctor:** DOC_149
- **Hospital:** HOSP_149
- **Insurance Provider:** d
- **Billing Amount:** 33211
- **Room Number:** 263
- **Admission Type:** b
- **Discharge Date:** 2019-10-16
- **Medication:** b
- **Test Results:** c

### Respondent 7

- **Age:** 57
- **Gender:** b
- **Blood Type:** f
- **Medical Condition:** d
- **Date of Admission:** 2021-03-05
- **Doctor:** DOC_07
- **Hospital:** HOSP_07
- **Insurance Provider:** c
- **Billing Amount:** 34758
- **Room Number:** 368
- **Admission Type:** b
- **Discharge Date:** 2021-03-05
- **Medication:** a
- **Test Results:** c


</questionnaire>

<role>
You are a meticulous data analyst AI. Your primary function is to accurately analyze structured data and provide precise, verifiable answers.
</role>

<format>
You will be given a dataset with two key parts:

A 'questions' section: This is your data dictionary or schema. It is the single source of truth for understanding what each field and score means. Refer to it carefully.

A 'responses' section: This contains the raw data from each individual respondent.

To answer the question correctly, you must first use the 'questions' schema to fully understand the context and meaning of the data points within the 'responses'. Do not rely on any prior knowledge outside of this provided data. Base your entire analysis on the information given.
</format>

<output>
Provide your final answer directly and concisely. Output must be the human-readable value, not an option code.

Rules:
- For MCQ fields, map any letter codes in the Responses (case-insensitive) to the corresponding option text from the Questions schema, and output only that text. Do NOT include the letter or both.
  Example: If the schema is ""[MCQ: A. Abnormal B. Inconclusive C. Normal]"" and the response is ""a"", output ""Abnormal"".
- For open-ended fields, output the exact text value.
- If the question asks for a count, provide only the number (e.g., ""42"").
- If the question asks for a list of names or IDs, provide a simple comma-separated list (e.g., ""17, 21, 23"").
- Preserve capitalization exactly as in the schema (e.g., output ""Abnormal"", not ""abnormal"" or ""A"").
</output>

<task>
List all respondents with gender = 'Female' and blood type = 'A+'.
</task>",,False
case_15,answer_reverse_lookup,Find all respondents whose age is between 30 and 63.,"# Survey Data

## Questions

- **Age:** What is your age? [Open-ended]
- **Gender:** What is your gender? [MCQ: A. Female B. Male]
- **Blood Type:** What is your blood type? [MCQ: A. A+ B. A- C. AB+ D. AB- E. B+ F. B- G. O+ H. O-]
- **Medical Condition:** What is your medical condition? [MCQ: A. Arthritis B. Asthma C. Cancer D. Diabetes E. Hypertension F. Obesity]
- **Date of Admission:** What is your date of admission? [Open-ended]
- **Doctor:** What is your doctor? [Open-ended]
- **Hospital:** What is your hospital? [Open-ended]
- **Insurance Provider:** What is your insurance provider? [MCQ: A. Aetna B. Blue Cross C. Cigna D. Medicare E. UnitedHealthcare]
- **Billing Amount:** What is your billing amount? [Open-ended]
- **Room Number:** What is your room number? [Open-ended]
- **Admission Type:** What is your admission type? [MCQ: A. Elective B. Emergency C. Urgent]
- **Discharge Date:** What is your discharge date? [Open-ended]
- **Medication:** What is your medication? [MCQ: A. Aspirin B. Ibuprofen C. Lipitor D. Paracetamol E. Penicillin]
- **Test Results:** What is your test results? [MCQ: A. Abnormal B. Inconclusive C. Normal]

## Responses

### Respondent 148

- **Age:** 20
- **Gender:** b
- **Blood Type:** g
- **Medical Condition:** e
- **Date of Admission:** 2023-08-17
- **Doctor:** DOC_148
- **Hospital:** HOSP_148
- **Insurance Provider:** e
- **Billing Amount:** 28838
- **Room Number:** 177
- **Admission Type:** c
- **Discharge Date:** 2023-10-12
- **Medication:** b
- **Test Results:** a

### Respondent 97

- **Age:** 50
- **Gender:** b
- **Blood Type:** g
- **Medical Condition:** e
- **Date of Admission:** 2020-07-01
- **Doctor:** DOC_97
- **Hospital:** HOSP_97
- **Insurance Provider:** a
- **Billing Amount:** 17979
- **Room Number:** 307
- **Admission Type:** a
- **Discharge Date:** 2020-03-05
- **Medication:** d
- **Test Results:** a

### Respondent 102

- **Age:** 59
- **Gender:** b
- **Blood Type:** b
- **Medical Condition:** e
- **Date of Admission:** 2020-05-15
- **Doctor:** DOC_102
- **Hospital:** HOSP_102
- **Insurance Provider:** d
- **Billing Amount:** 18856
- **Room Number:** 384
- **Admission Type:** b
- **Discharge Date:** 2020-06-01
- **Medication:** a
- **Test Results:** a

### Respondent 51

- **Age:** 49
- **Gender:** b
- **Blood Type:** e
- **Medical Condition:** b
- **Date of Admission:** 2020-01-17
- **Doctor:** DOC_51
- **Hospital:** HOSP_51
- **Insurance Provider:** a
- **Billing Amount:** 14300
- **Room Number:** 275
- **Admission Type:** c
- **Discharge Date:** 2019-12-08
- **Medication:** a
- **Test Results:** c

### Respondent 20

- **Age:** 65
- **Gender:** a
- **Blood Type:** b
- **Medical Condition:** b
- **Date of Admission:** 2023-05-12
- **Doctor:** DOC_20
- **Hospital:** HOSP_20
- **Insurance Provider:** d
- **Billing Amount:** -503
- **Room Number:** 114
- **Admission Type:** a
- **Discharge Date:** 2023-08-11
- **Medication:** a
- **Test Results:** c

### Respondent 63

- **Age:** 43
- **Gender:** b
- **Blood Type:** d
- **Medical Condition:** c
- **Date of Admission:** 2023-06-28
- **Doctor:** DOC_63
- **Hospital:** HOSP_63
- **Insurance Provider:** d
- **Billing Amount:** 19973
- **Room Number:** 451
- **Admission Type:** a
- **Discharge Date:** 2023-06-10
- **Medication:** b
- **Test Results:** c

### Respondent 27

- **Age:** 74
- **Gender:** a
- **Blood Type:** b
- **Medical Condition:** a
- **Date of Admission:** 2021-11-21
- **Doctor:** DOC_27
- **Hospital:** HOSP_27
- **Insurance Provider:** e
- **Billing Amount:** 30591
- **Room Number:** 113
- **Admission Type:** b
- **Discharge Date:** 2021-11-22
- **Medication:** d
- **Test Results:** b

### Respondent 78

- **Age:** 38
- **Gender:** b
- **Blood Type:** e
- **Medical Condition:** d
- **Date of Admission:** 2024-01-13
- **Doctor:** DOC_78
- **Hospital:** HOSP_78
- **Insurance Provider:** d
- **Billing Amount:** 23068
- **Room Number:** 310
- **Admission Type:** c
- **Discharge Date:** 2024-01-22
- **Medication:** a
- **Test Results:** b

### Respondent 31

- **Age:** 33
- **Gender:** b
- **Blood Type:** h
- **Medical Condition:** a
- **Date of Admission:** 2022-04-02
- **Doctor:** DOC_31
- **Hospital:** HOSP_31
- **Insurance Provider:** d
- **Billing Amount:** 6734
- **Room Number:** 134
- **Admission Type:** c
- **Discharge Date:** 2022-01-07
- **Medication:** a
- **Test Results:** a

","97, 102, 51, 63, 78, 31","<example>
List all respondents with doctor = 'DOC_107' and hospital = 'HOSP_148'.

DATA:

# Survey Data

## Questions

- **Age:** What is your age? [Open-ended]
- **Gender:** What is your gender? [MCQ: A. Female B. Male]
- **Blood Type:** What is your blood type? [MCQ: A. A+ B. A- C. AB+ D. AB- E. B+ F. B- G. O+ H. O-]
- **Medical Condition:** What is your medical condition? [MCQ: A. Arthritis B. Asthma C. Cancer D. Diabetes E. Hypertension F. Obesity]
- **Date of Admission:** What is your date of admission? [Open-ended]
- **Doctor:** What is your doctor? [Open-ended]
- **Hospital:** What is your hospital? [Open-ended]
- **Insurance Provider:** What is your insurance provider? [MCQ: A. Aetna B. Blue Cross C. Cigna D. Medicare E. UnitedHealthcare]
- **Billing Amount:** What is your billing amount? [Open-ended]
- **Room Number:** What is your room number? [Open-ended]
- **Admission Type:** What is your admission type? [MCQ: A. Elective B. Emergency C. Urgent]
- **Discharge Date:** What is your discharge date? [Open-ended]
- **Medication:** What is your medication? [MCQ: A. Aspirin B. Ibuprofen C. Lipitor D. Paracetamol E. Penicillin]
- **Test Results:** What is your test results? [MCQ: A. Abnormal B. Inconclusive C. Normal]

## Responses

### Respondent 148

- **Age:** 20
- **Gender:** b
- **Blood Type:** g
- **Medical Condition:** e
- **Date of Admission:** 2023-08-17
- **Doctor:** DOC_148
- **Hospital:** HOSP_148
- **Insurance Provider:** e
- **Billing Amount:** 28838
- **Room Number:** 177
- **Admission Type:** c
- **Discharge Date:** 2023-10-12
- **Medication:** b
- **Test Results:** a

### Respondent 97

- **Age:** 50
- **Gender:** b
- **Blood Type:** g
- **Medical Condition:** e
- **Date of Admission:** 2020-07-01
- **Doctor:** DOC_97
- **Hospital:** HOSP_97
- **Insurance Provider:** a
- **Billing Amount:** 17979
- **Room Number:** 307
- **Admission Type:** a
- **Discharge Date:** 2020-03-05
- **Medication:** d
- **Test Results:** a

### Respondent 102

- **Age:** 59
- **Gender:** b
- **Blood Type:** b
- **Medical Condition:** e
- **Date of Admission:** 2020-05-15
- **Doctor:** DOC_102
- **Hospital:** HOSP_102
- **Insurance Provider:** d
- **Billing Amount:** 18856
- **Room Number:** 384
- **Admission Type:** b
- **Discharge Date:** 2020-06-01
- **Medication:** a
- **Test Results:** a

### Respondent 51

- **Age:** 49
- **Gender:** b
- **Blood Type:** e
- **Medical Condition:** b
- **Date of Admission:** 2020-01-17
- **Doctor:** DOC_51
- **Hospital:** HOSP_51
- **Insurance Provider:** a
- **Billing Amount:** 14300
- **Room Number:** 275
- **Admission Type:** c
- **Discharge Date:** 2019-12-08
- **Medication:** a
- **Test Results:** c

### Respondent 20

- **Age:** 65
- **Gender:** a
- **Blood Type:** b
- **Medical Condition:** b
- **Date of Admission:** 2023-05-12
- **Doctor:** DOC_20
- **Hospital:** HOSP_20
- **Insurance Provider:** d
- **Billing Amount:** -503
- **Room Number:** 114
- **Admission Type:** a
- **Discharge Date:** 2023-08-11
- **Medication:** a
- **Test Results:** c

### Respondent 63

- **Age:** 43
- **Gender:** b
- **Blood Type:** d
- **Medical Condition:** c
- **Date of Admission:** 2023-06-28
- **Doctor:** DOC_63
- **Hospital:** HOSP_63
- **Insurance Provider:** d
- **Billing Amount:** 19973
- **Room Number:** 451
- **Admission Type:** a
- **Discharge Date:** 2023-06-10
- **Medication:** b
- **Test Results:** c

### Respondent 27

- **Age:** 74
- **Gender:** a
- **Blood Type:** b
- **Medical Condition:** a
- **Date of Admission:** 2021-11-21
- **Doctor:** DOC_27
- **Hospital:** HOSP_27
- **Insurance Provider:** e
- **Billing Amount:** 30591
- **Room Number:** 113
- **Admission Type:** b
- **Discharge Date:** 2021-11-22
- **Medication:** d
- **Test Results:** b

### Respondent 78

- **Age:** 38
- **Gender:** b
- **Blood Type:** e
- **Medical Condition:** d
- **Date of Admission:** 2024-01-13
- **Doctor:** DOC_78
- **Hospital:** HOSP_78
- **Insurance Provider:** d
- **Billing Amount:** 23068
- **Room Number:** 310
- **Admission Type:** c
- **Discharge Date:** 2024-01-22
- **Medication:** a
- **Test Results:** b

### Respondent 31

- **Age:** 33
- **Gender:** b
- **Blood Type:** h
- **Medical Condition:** a
- **Date of Admission:** 2022-04-02
- **Doctor:** DOC_31
- **Hospital:** HOSP_31
- **Insurance Provider:** d
- **Billing Amount:** 6734
- **Room Number:** 134
- **Admission Type:** c
- **Discharge Date:** 2022-01-07
- **Medication:** a
- **Test Results:** a



Answer: None
</example>

<questionnaire>
# Survey Data

## Questions

- **Age:** What is your age? [Open-ended]
- **Gender:** What is your gender? [MCQ: A. Female B. Male]
- **Blood Type:** What is your blood type? [MCQ: A. A+ B. A- C. AB+ D. AB- E. B+ F. B- G. O+ H. O-]
- **Medical Condition:** What is your medical condition? [MCQ: A. Arthritis B. Asthma C. Cancer D. Diabetes E. Hypertension F. Obesity]
- **Date of Admission:** What is your date of admission? [Open-ended]
- **Doctor:** What is your doctor? [Open-ended]
- **Hospital:** What is your hospital? [Open-ended]
- **Insurance Provider:** What is your insurance provider? [MCQ: A. Aetna B. Blue Cross C. Cigna D. Medicare E. UnitedHealthcare]
- **Billing Amount:** What is your billing amount? [Open-ended]
- **Room Number:** What is your room number? [Open-ended]
- **Admission Type:** What is your admission type? [MCQ: A. Elective B. Emergency C. Urgent]
- **Discharge Date:** What is your discharge date? [Open-ended]
- **Medication:** What is your medication? [MCQ: A. Aspirin B. Ibuprofen C. Lipitor D. Paracetamol E. Penicillin]
- **Test Results:** What is your test results? [MCQ: A. Abnormal B. Inconclusive C. Normal]

## Responses

### Respondent 148

- **Age:** 20
- **Gender:** b
- **Blood Type:** g
- **Medical Condition:** e
- **Date of Admission:** 2023-08-17
- **Doctor:** DOC_148
- **Hospital:** HOSP_148
- **Insurance Provider:** e
- **Billing Amount:** 28838
- **Room Number:** 177
- **Admission Type:** c
- **Discharge Date:** 2023-10-12
- **Medication:** b
- **Test Results:** a

### Respondent 97

- **Age:** 50
- **Gender:** b
- **Blood Type:** g
- **Medical Condition:** e
- **Date of Admission:** 2020-07-01
- **Doctor:** DOC_97
- **Hospital:** HOSP_97
- **Insurance Provider:** a
- **Billing Amount:** 17979
- **Room Number:** 307
- **Admission Type:** a
- **Discharge Date:** 2020-03-05
- **Medication:** d
- **Test Results:** a

### Respondent 102

- **Age:** 59
- **Gender:** b
- **Blood Type:** b
- **Medical Condition:** e
- **Date of Admission:** 2020-05-15
- **Doctor:** DOC_102
- **Hospital:** HOSP_102
- **Insurance Provider:** d
- **Billing Amount:** 18856
- **Room Number:** 384
- **Admission Type:** b
- **Discharge Date:** 2020-06-01
- **Medication:** a
- **Test Results:** a

### Respondent 51

- **Age:** 49
- **Gender:** b
- **Blood Type:** e
- **Medical Condition:** b
- **Date of Admission:** 2020-01-17
- **Doctor:** DOC_51
- **Hospital:** HOSP_51
- **Insurance Provider:** a
- **Billing Amount:** 14300
- **Room Number:** 275
- **Admission Type:** c
- **Discharge Date:** 2019-12-08
- **Medication:** a
- **Test Results:** c

### Respondent 20

- **Age:** 65
- **Gender:** a
- **Blood Type:** b
- **Medical Condition:** b
- **Date of Admission:** 2023-05-12
- **Doctor:** DOC_20
- **Hospital:** HOSP_20
- **Insurance Provider:** d
- **Billing Amount:** -503
- **Room Number:** 114
- **Admission Type:** a
- **Discharge Date:** 2023-08-11
- **Medication:** a
- **Test Results:** c

### Respondent 63

- **Age:** 43
- **Gender:** b
- **Blood Type:** d
- **Medical Condition:** c
- **Date of Admission:** 2023-06-28
- **Doctor:** DOC_63
- **Hospital:** HOSP_63
- **Insurance Provider:** d
- **Billing Amount:** 19973
- **Room Number:** 451
- **Admission Type:** a
- **Discharge Date:** 2023-06-10
- **Medication:** b
- **Test Results:** c

### Respondent 27

- **Age:** 74
- **Gender:** a
- **Blood Type:** b
- **Medical Condition:** a
- **Date of Admission:** 2021-11-21
- **Doctor:** DOC_27
- **Hospital:** HOSP_27
- **Insurance Provider:** e
- **Billing Amount:** 30591
- **Room Number:** 113
- **Admission Type:** b
- **Discharge Date:** 2021-11-22
- **Medication:** d
- **Test Results:** b

### Respondent 78

- **Age:** 38
- **Gender:** b
- **Blood Type:** e
- **Medical Condition:** d
- **Date of Admission:** 2024-01-13
- **Doctor:** DOC_78
- **Hospital:** HOSP_78
- **Insurance Provider:** d
- **Billing Amount:** 23068
- **Room Number:** 310
- **Admission Type:** c
- **Discharge Date:** 2024-01-22
- **Medication:** a
- **Test Results:** b

### Respondent 31

- **Age:** 33
- **Gender:** b
- **Blood Type:** h
- **Medical Condition:** a
- **Date of Admission:** 2022-04-02
- **Doctor:** DOC_31
- **Hospital:** HOSP_31
- **Insurance Provider:** d
- **Billing Amount:** 6734
- **Room Number:** 134
- **Admission Type:** c
- **Discharge Date:** 2022-01-07
- **Medication:** a
- **Test Results:** a


</questionnaire>

<role>
You are a meticulous data analyst AI. Your primary function is to accurately analyze structured data and provide precise, verifiable answers.
</role>

<format>
You will be given a dataset with two key parts:

A 'questions' section: This is your data dictionary or schema. It is the single source of truth for understanding what each field and score means. Refer to it carefully.

A 'responses' section: This contains the raw data from each individual respondent.

To answer the question correctly, you must first use the 'questions' schema to fully understand the context and meaning of the data points within the 'responses'. Do not rely on any prior knowledge outside of this provided data. Base your entire analysis on the information given.
</format>

<output>
Provide your final answer directly and concisely. Output must be the human-readable value, not an option code.

Rules:
- For MCQ fields, map any letter codes in the Responses (case-insensitive) to the corresponding option text from the Questions schema, and output only that text. Do NOT include the letter or both.
  Example: If the schema is ""[MCQ: A. Abnormal B. Inconclusive C. Normal]"" and the response is ""a"", output ""Abnormal"".
- For open-ended fields, output the exact text value.
- If the question asks for a count, provide only the number (e.g., ""42"").
- If the question asks for a list of names or IDs, provide a simple comma-separated list (e.g., ""17, 21, 23"").
- Preserve capitalization exactly as in the schema (e.g., output ""Abnormal"", not ""abnormal"" or ""A"").
</output>

<task>
Find all respondents whose age is between 30 and 63.
</task>",,False
case_16,answer_reverse_lookup,Which respondents have a admission type of 'Elective'?,"# Survey Data

## Questions

- **Age:** What is your age? [Open-ended]
- **Gender:** What is your gender? [MCQ: A. Female B. Male]
- **Blood Type:** What is your blood type? [MCQ: A. A+ B. A- C. AB+ D. AB- E. B+ F. B- G. O+ H. O-]
- **Medical Condition:** What is your medical condition? [MCQ: A. Arthritis B. Asthma C. Cancer D. Diabetes E. Hypertension F. Obesity]
- **Date of Admission:** What is your date of admission? [Open-ended]
- **Doctor:** What is your doctor? [Open-ended]
- **Hospital:** What is your hospital? [Open-ended]
- **Insurance Provider:** What is your insurance provider? [MCQ: A. Aetna B. Blue Cross C. Cigna D. Medicare E. UnitedHealthcare]
- **Billing Amount:** What is your billing amount? [Open-ended]
- **Room Number:** What is your room number? [Open-ended]
- **Admission Type:** What is your admission type? [MCQ: A. Elective B. Emergency C. Urgent]
- **Discharge Date:** What is your discharge date? [Open-ended]
- **Medication:** What is your medication? [MCQ: A. Aspirin B. Ibuprofen C. Lipitor D. Paracetamol E. Penicillin]
- **Test Results:** What is your test results? [MCQ: A. Abnormal B. Inconclusive C. Normal]

## Responses

### Respondent 89

- **Age:** 18
- **Gender:** b
- **Blood Type:** f
- **Medical Condition:** f
- **Date of Admission:** 2022-10-18
- **Doctor:** DOC_89
- **Hospital:** HOSP_89
- **Insurance Provider:** d
- **Billing Amount:** 32629
- **Room Number:** 424
- **Admission Type:** b
- **Discharge Date:** 2022-11-11
- **Medication:** b
- **Test Results:** c

### Respondent 137

- **Age:** 24
- **Gender:** b
- **Blood Type:** h
- **Medical Condition:** e
- **Date of Admission:** 2022-09-21
- **Doctor:** DOC_137
- **Hospital:** HOSP_137
- **Insurance Provider:** a
- **Billing Amount:** 39477
- **Room Number:** 401
- **Admission Type:** b
- **Discharge Date:** 2022-10-14
- **Medication:** b
- **Test Results:** b

### Respondent 110

- **Age:** 85
- **Gender:** b
- **Blood Type:** e
- **Medical Condition:** f
- **Date of Admission:** 2019-12-12
- **Doctor:** DOC_110
- **Hospital:** HOSP_110
- **Insurance Provider:** a
- **Billing Amount:** 24948
- **Room Number:** 368
- **Admission Type:** a
- **Discharge Date:** 2019-08-21
- **Medication:** d
- **Test Results:** b

### Respondent 95

- **Age:** 75
- **Gender:** a
- **Blood Type:** b
- **Medical Condition:** e
- **Date of Admission:** 2019-08-20
- **Doctor:** DOC_95
- **Hospital:** HOSP_95
- **Insurance Provider:** a
- **Billing Amount:** 26062
- **Room Number:** 138
- **Admission Type:** a
- **Discharge Date:** 2019-06-04
- **Medication:** c
- **Test Results:** a

### Respondent 18

- **Age:** 19
- **Gender:** b
- **Blood Type:** e
- **Medical Condition:** e
- **Date of Admission:** 2019-08-18
- **Doctor:** DOC_18
- **Hospital:** HOSP_18
- **Insurance Provider:** b
- **Billing Amount:** 12263
- **Room Number:** 109
- **Admission Type:** b
- **Discharge Date:** 2019-11-22
- **Medication:** a
- **Test Results:** a

","110, 95","<example>
List all respondents with doctor = 'DOC_107' and hospital = 'HOSP_148'.

DATA:

# Survey Data

## Questions

- **Age:** What is your age? [Open-ended]
- **Gender:** What is your gender? [MCQ: A. Female B. Male]
- **Blood Type:** What is your blood type? [MCQ: A. A+ B. A- C. AB+ D. AB- E. B+ F. B- G. O+ H. O-]
- **Medical Condition:** What is your medical condition? [MCQ: A. Arthritis B. Asthma C. Cancer D. Diabetes E. Hypertension F. Obesity]
- **Date of Admission:** What is your date of admission? [Open-ended]
- **Doctor:** What is your doctor? [Open-ended]
- **Hospital:** What is your hospital? [Open-ended]
- **Insurance Provider:** What is your insurance provider? [MCQ: A. Aetna B. Blue Cross C. Cigna D. Medicare E. UnitedHealthcare]
- **Billing Amount:** What is your billing amount? [Open-ended]
- **Room Number:** What is your room number? [Open-ended]
- **Admission Type:** What is your admission type? [MCQ: A. Elective B. Emergency C. Urgent]
- **Discharge Date:** What is your discharge date? [Open-ended]
- **Medication:** What is your medication? [MCQ: A. Aspirin B. Ibuprofen C. Lipitor D. Paracetamol E. Penicillin]
- **Test Results:** What is your test results? [MCQ: A. Abnormal B. Inconclusive C. Normal]

## Responses

### Respondent 89

- **Age:** 18
- **Gender:** b
- **Blood Type:** f
- **Medical Condition:** f
- **Date of Admission:** 2022-10-18
- **Doctor:** DOC_89
- **Hospital:** HOSP_89
- **Insurance Provider:** d
- **Billing Amount:** 32629
- **Room Number:** 424
- **Admission Type:** b
- **Discharge Date:** 2022-11-11
- **Medication:** b
- **Test Results:** c

### Respondent 137

- **Age:** 24
- **Gender:** b
- **Blood Type:** h
- **Medical Condition:** e
- **Date of Admission:** 2022-09-21
- **Doctor:** DOC_137
- **Hospital:** HOSP_137
- **Insurance Provider:** a
- **Billing Amount:** 39477
- **Room Number:** 401
- **Admission Type:** b
- **Discharge Date:** 2022-10-14
- **Medication:** b
- **Test Results:** b

### Respondent 110

- **Age:** 85
- **Gender:** b
- **Blood Type:** e
- **Medical Condition:** f
- **Date of Admission:** 2019-12-12
- **Doctor:** DOC_110
- **Hospital:** HOSP_110
- **Insurance Provider:** a
- **Billing Amount:** 24948
- **Room Number:** 368
- **Admission Type:** a
- **Discharge Date:** 2019-08-21
- **Medication:** d
- **Test Results:** b

### Respondent 95

- **Age:** 75
- **Gender:** a
- **Blood Type:** b
- **Medical Condition:** e
- **Date of Admission:** 2019-08-20
- **Doctor:** DOC_95
- **Hospital:** HOSP_95
- **Insurance Provider:** a
- **Billing Amount:** 26062
- **Room Number:** 138
- **Admission Type:** a
- **Discharge Date:** 2019-06-04
- **Medication:** c
- **Test Results:** a

### Respondent 18

- **Age:** 19
- **Gender:** b
- **Blood Type:** e
- **Medical Condition:** e
- **Date of Admission:** 2019-08-18
- **Doctor:** DOC_18
- **Hospital:** HOSP_18
- **Insurance Provider:** b
- **Billing Amount:** 12263
- **Room Number:** 109
- **Admission Type:** b
- **Discharge Date:** 2019-11-22
- **Medication:** a
- **Test Results:** a



Answer: None
</example>

<questionnaire>
# Survey Data

## Questions

- **Age:** What is your age? [Open-ended]
- **Gender:** What is your gender? [MCQ: A. Female B. Male]
- **Blood Type:** What is your blood type? [MCQ: A. A+ B. A- C. AB+ D. AB- E. B+ F. B- G. O+ H. O-]
- **Medical Condition:** What is your medical condition? [MCQ: A. Arthritis B. Asthma C. Cancer D. Diabetes E. Hypertension F. Obesity]
- **Date of Admission:** What is your date of admission? [Open-ended]
- **Doctor:** What is your doctor? [Open-ended]
- **Hospital:** What is your hospital? [Open-ended]
- **Insurance Provider:** What is your insurance provider? [MCQ: A. Aetna B. Blue Cross C. Cigna D. Medicare E. UnitedHealthcare]
- **Billing Amount:** What is your billing amount? [Open-ended]
- **Room Number:** What is your room number? [Open-ended]
- **Admission Type:** What is your admission type? [MCQ: A. Elective B. Emergency C. Urgent]
- **Discharge Date:** What is your discharge date? [Open-ended]
- **Medication:** What is your medication? [MCQ: A. Aspirin B. Ibuprofen C. Lipitor D. Paracetamol E. Penicillin]
- **Test Results:** What is your test results? [MCQ: A. Abnormal B. Inconclusive C. Normal]

## Responses

### Respondent 89

- **Age:** 18
- **Gender:** b
- **Blood Type:** f
- **Medical Condition:** f
- **Date of Admission:** 2022-10-18
- **Doctor:** DOC_89
- **Hospital:** HOSP_89
- **Insurance Provider:** d
- **Billing Amount:** 32629
- **Room Number:** 424
- **Admission Type:** b
- **Discharge Date:** 2022-11-11
- **Medication:** b
- **Test Results:** c

### Respondent 137

- **Age:** 24
- **Gender:** b
- **Blood Type:** h
- **Medical Condition:** e
- **Date of Admission:** 2022-09-21
- **Doctor:** DOC_137
- **Hospital:** HOSP_137
- **Insurance Provider:** a
- **Billing Amount:** 39477
- **Room Number:** 401
- **Admission Type:** b
- **Discharge Date:** 2022-10-14
- **Medication:** b
- **Test Results:** b

### Respondent 110

- **Age:** 85
- **Gender:** b
- **Blood Type:** e
- **Medical Condition:** f
- **Date of Admission:** 2019-12-12
- **Doctor:** DOC_110
- **Hospital:** HOSP_110
- **Insurance Provider:** a
- **Billing Amount:** 24948
- **Room Number:** 368
- **Admission Type:** a
- **Discharge Date:** 2019-08-21
- **Medication:** d
- **Test Results:** b

### Respondent 95

- **Age:** 75
- **Gender:** a
- **Blood Type:** b
- **Medical Condition:** e
- **Date of Admission:** 2019-08-20
- **Doctor:** DOC_95
- **Hospital:** HOSP_95
- **Insurance Provider:** a
- **Billing Amount:** 26062
- **Room Number:** 138
- **Admission Type:** a
- **Discharge Date:** 2019-06-04
- **Medication:** c
- **Test Results:** a

### Respondent 18

- **Age:** 19
- **Gender:** b
- **Blood Type:** e
- **Medical Condition:** e
- **Date of Admission:** 2019-08-18
- **Doctor:** DOC_18
- **Hospital:** HOSP_18
- **Insurance Provider:** b
- **Billing Amount:** 12263
- **Room Number:** 109
- **Admission Type:** b
- **Discharge Date:** 2019-11-22
- **Medication:** a
- **Test Results:** a


</questionnaire>

<role>
You are a meticulous data analyst AI. Your primary function is to accurately analyze structured data and provide precise, verifiable answers.
</role>

<format>
You will be given a dataset with two key parts:

A 'questions' section: This is your data dictionary or schema. It is the single source of truth for understanding what each field and score means. Refer to it carefully.

A 'responses' section: This contains the raw data from each individual respondent.

To answer the question correctly, you must first use the 'questions' schema to fully understand the context and meaning of the data points within the 'responses'. Do not rely on any prior knowledge outside of this provided data. Base your entire analysis on the information given.
</format>

<output>
Provide your final answer directly and concisely. Output must be the human-readable value, not an option code.

Rules:
- For MCQ fields, map any letter codes in the Responses (case-insensitive) to the corresponding option text from the Questions schema, and output only that text. Do NOT include the letter or both.
  Example: If the schema is ""[MCQ: A. Abnormal B. Inconclusive C. Normal]"" and the response is ""a"", output ""Abnormal"".
- For open-ended fields, output the exact text value.
- If the question asks for a count, provide only the number (e.g., ""42"").
- If the question asks for a list of names or IDs, provide a simple comma-separated list (e.g., ""17, 21, 23"").
- Preserve capitalization exactly as in the schema (e.g., output ""Abnormal"", not ""abnormal"" or ""A"").
</output>

<task>
Which respondents have a admission type of 'Elective'?
</task>",,False
case_17,answer_reverse_lookup,Which respondents have a hospital of 'HOSP_40'?,"# Survey Data

## Questions

- **Age:** What is your age? [Open-ended]
- **Gender:** What is your gender? [MCQ: A. Female B. Male]
- **Blood Type:** What is your blood type? [MCQ: A. A+ B. A- C. AB+ D. AB- E. B+ F. B- G. O+ H. O-]
- **Medical Condition:** What is your medical condition? [MCQ: A. Arthritis B. Asthma C. Cancer D. Diabetes E. Hypertension F. Obesity]
- **Date of Admission:** What is your date of admission? [Open-ended]
- **Doctor:** What is your doctor? [Open-ended]
- **Hospital:** What is your hospital? [Open-ended]
- **Insurance Provider:** What is your insurance provider? [MCQ: A. Aetna B. Blue Cross C. Cigna D. Medicare E. UnitedHealthcare]
- **Billing Amount:** What is your billing amount? [Open-ended]
- **Room Number:** What is your room number? [Open-ended]
- **Admission Type:** What is your admission type? [MCQ: A. Elective B. Emergency C. Urgent]
- **Discharge Date:** What is your discharge date? [Open-ended]
- **Medication:** What is your medication? [MCQ: A. Aspirin B. Ibuprofen C. Lipitor D. Paracetamol E. Penicillin]
- **Test Results:** What is your test results? [MCQ: A. Abnormal B. Inconclusive C. Normal]

## Responses

### Respondent 4

- **Age:** 51
- **Gender:** b
- **Blood Type:** e
- **Medical Condition:** d
- **Date of Admission:** 2022-06-17
- **Doctor:** DOC_04
- **Hospital:** HOSP_04
- **Insurance Provider:** d
- **Billing Amount:** 37406
- **Room Number:** 131
- **Admission Type:** a
- **Discharge Date:** 2022-06-28
- **Medication:** d
- **Test Results:** c

### Respondent 108

- **Age:** 63
- **Gender:** a
- **Blood Type:** a
- **Medical Condition:** a
- **Date of Admission:** 2020-08-11
- **Doctor:** DOC_108
- **Hospital:** HOSP_108
- **Insurance Provider:** e
- **Billing Amount:** 22951
- **Room Number:** 119
- **Admission Type:** a
- **Discharge Date:** 2020-07-20
- **Medication:** d
- **Test Results:** c

### Respondent 126

- **Age:** 20
- **Gender:** b
- **Blood Type:** g
- **Medical Condition:** a
- **Date of Admission:** 2021-01-03
- **Doctor:** DOC_126
- **Hospital:** HOSP_126
- **Insurance Provider:** b
- **Billing Amount:** 33682
- **Room Number:** 321
- **Admission Type:** b
- **Discharge Date:** 2020-12-08
- **Medication:** b
- **Test Results:** a

### Respondent 28

- **Age:** 32
- **Gender:** b
- **Blood Type:** c
- **Medical Condition:** d
- **Date of Admission:** 2019-11-05
- **Doctor:** DOC_28
- **Hospital:** HOSP_28
- **Insurance Provider:** a
- **Billing Amount:** 5767
- **Room Number:** 492
- **Admission Type:** c
- **Discharge Date:** 2019-10-15
- **Medication:** d
- **Test Results:** b

### Respondent 111

- **Age:** 19
- **Gender:** a
- **Blood Type:** d
- **Medical Condition:** a
- **Date of Admission:** 2022-03-12
- **Doctor:** DOC_111
- **Hospital:** HOSP_111
- **Insurance Provider:** a
- **Billing Amount:** 3126
- **Room Number:** 249
- **Admission Type:** b
- **Discharge Date:** 2022-06-24
- **Medication:** a
- **Test Results:** b

### Respondent 93

- **Age:** 58
- **Gender:** a
- **Blood Type:** g
- **Medical Condition:** a
- **Date of Admission:** 2023-08-19
- **Doctor:** DOC_93
- **Hospital:** HOSP_93
- **Insurance Provider:** e
- **Billing Amount:** 22841
- **Room Number:** 326
- **Admission Type:** b
- **Discharge Date:** 2023-09-18
- **Medication:** b
- **Test Results:** b

### Respondent 118

- **Age:** 27
- **Gender:** a
- **Blood Type:** d
- **Medical Condition:** e
- **Date of Admission:** 2021-11-30
- **Doctor:** DOC_118
- **Hospital:** HOSP_118
- **Insurance Provider:** a
- **Billing Amount:** 8451
- **Room Number:** 212
- **Admission Type:** c
- **Discharge Date:** 2022-01-16
- **Medication:** b
- **Test Results:** c

### Respondent 40

- **Age:** 37
- **Gender:** a
- **Blood Type:** c
- **Medical Condition:** b
- **Date of Admission:** 2020-03-02
- **Doctor:** DOC_40
- **Hospital:** HOSP_40
- **Insurance Provider:** d
- **Billing Amount:** 17696
- **Room Number:** 380
- **Admission Type:** a
- **Discharge Date:** 2020-04-02
- **Medication:** b
- **Test Results:** a

### Respondent 112

- **Age:** 67
- **Gender:** a
- **Blood Type:** g
- **Medical Condition:** c
- **Date of Admission:** 2022-09-22
- **Doctor:** DOC_112
- **Hospital:** HOSP_112
- **Insurance Provider:** a
- **Billing Amount:** 21880
- **Room Number:** 485
- **Admission Type:** c
- **Discharge Date:** 2023-01-11
- **Medication:** e
- **Test Results:** b

### Respondent 46

- **Age:** 22
- **Gender:** a
- **Blood Type:** b
- **Medical Condition:** a
- **Date of Admission:** 2023-12-20
- **Doctor:** DOC_46
- **Hospital:** HOSP_46
- **Insurance Provider:** b
- **Billing Amount:** 42697
- **Room Number:** 108
- **Admission Type:** c
- **Discharge Date:** 2023-10-27
- **Medication:** e
- **Test Results:** c

",40,"<example>
List all respondents with doctor = 'DOC_107' and hospital = 'HOSP_148'.

DATA:

# Survey Data

## Questions

- **Age:** What is your age? [Open-ended]
- **Gender:** What is your gender? [MCQ: A. Female B. Male]
- **Blood Type:** What is your blood type? [MCQ: A. A+ B. A- C. AB+ D. AB- E. B+ F. B- G. O+ H. O-]
- **Medical Condition:** What is your medical condition? [MCQ: A. Arthritis B. Asthma C. Cancer D. Diabetes E. Hypertension F. Obesity]
- **Date of Admission:** What is your date of admission? [Open-ended]
- **Doctor:** What is your doctor? [Open-ended]
- **Hospital:** What is your hospital? [Open-ended]
- **Insurance Provider:** What is your insurance provider? [MCQ: A. Aetna B. Blue Cross C. Cigna D. Medicare E. UnitedHealthcare]
- **Billing Amount:** What is your billing amount? [Open-ended]
- **Room Number:** What is your room number? [Open-ended]
- **Admission Type:** What is your admission type? [MCQ: A. Elective B. Emergency C. Urgent]
- **Discharge Date:** What is your discharge date? [Open-ended]
- **Medication:** What is your medication? [MCQ: A. Aspirin B. Ibuprofen C. Lipitor D. Paracetamol E. Penicillin]
- **Test Results:** What is your test results? [MCQ: A. Abnormal B. Inconclusive C. Normal]

## Responses

### Respondent 4

- **Age:** 51
- **Gender:** b
- **Blood Type:** e
- **Medical Condition:** d
- **Date of Admission:** 2022-06-17
- **Doctor:** DOC_04
- **Hospital:** HOSP_04
- **Insurance Provider:** d
- **Billing Amount:** 37406
- **Room Number:** 131
- **Admission Type:** a
- **Discharge Date:** 2022-06-28
- **Medication:** d
- **Test Results:** c

### Respondent 108

- **Age:** 63
- **Gender:** a
- **Blood Type:** a
- **Medical Condition:** a
- **Date of Admission:** 2020-08-11
- **Doctor:** DOC_108
- **Hospital:** HOSP_108
- **Insurance Provider:** e
- **Billing Amount:** 22951
- **Room Number:** 119
- **Admission Type:** a
- **Discharge Date:** 2020-07-20
- **Medication:** d
- **Test Results:** c

### Respondent 126

- **Age:** 20
- **Gender:** b
- **Blood Type:** g
- **Medical Condition:** a
- **Date of Admission:** 2021-01-03
- **Doctor:** DOC_126
- **Hospital:** HOSP_126
- **Insurance Provider:** b
- **Billing Amount:** 33682
- **Room Number:** 321
- **Admission Type:** b
- **Discharge Date:** 2020-12-08
- **Medication:** b
- **Test Results:** a

### Respondent 28

- **Age:** 32
- **Gender:** b
- **Blood Type:** c
- **Medical Condition:** d
- **Date of Admission:** 2019-11-05
- **Doctor:** DOC_28
- **Hospital:** HOSP_28
- **Insurance Provider:** a
- **Billing Amount:** 5767
- **Room Number:** 492
- **Admission Type:** c
- **Discharge Date:** 2019-10-15
- **Medication:** d
- **Test Results:** b

### Respondent 111

- **Age:** 19
- **Gender:** a
- **Blood Type:** d
- **Medical Condition:** a
- **Date of Admission:** 2022-03-12
- **Doctor:** DOC_111
- **Hospital:** HOSP_111
- **Insurance Provider:** a
- **Billing Amount:** 3126
- **Room Number:** 249
- **Admission Type:** b
- **Discharge Date:** 2022-06-24
- **Medication:** a
- **Test Results:** b

### Respondent 93

- **Age:** 58
- **Gender:** a
- **Blood Type:** g
- **Medical Condition:** a
- **Date of Admission:** 2023-08-19
- **Doctor:** DOC_93
- **Hospital:** HOSP_93
- **Insurance Provider:** e
- **Billing Amount:** 22841
- **Room Number:** 326
- **Admission Type:** b
- **Discharge Date:** 2023-09-18
- **Medication:** b
- **Test Results:** b

### Respondent 118

- **Age:** 27
- **Gender:** a
- **Blood Type:** d
- **Medical Condition:** e
- **Date of Admission:** 2021-11-30
- **Doctor:** DOC_118
- **Hospital:** HOSP_118
- **Insurance Provider:** a
- **Billing Amount:** 8451
- **Room Number:** 212
- **Admission Type:** c
- **Discharge Date:** 2022-01-16
- **Medication:** b
- **Test Results:** c

### Respondent 40

- **Age:** 37
- **Gender:** a
- **Blood Type:** c
- **Medical Condition:** b
- **Date of Admission:** 2020-03-02
- **Doctor:** DOC_40
- **Hospital:** HOSP_40
- **Insurance Provider:** d
- **Billing Amount:** 17696
- **Room Number:** 380
- **Admission Type:** a
- **Discharge Date:** 2020-04-02
- **Medication:** b
- **Test Results:** a

### Respondent 112

- **Age:** 67
- **Gender:** a
- **Blood Type:** g
- **Medical Condition:** c
- **Date of Admission:** 2022-09-22
- **Doctor:** DOC_112
- **Hospital:** HOSP_112
- **Insurance Provider:** a
- **Billing Amount:** 21880
- **Room Number:** 485
- **Admission Type:** c
- **Discharge Date:** 2023-01-11
- **Medication:** e
- **Test Results:** b

### Respondent 46

- **Age:** 22
- **Gender:** a
- **Blood Type:** b
- **Medical Condition:** a
- **Date of Admission:** 2023-12-20
- **Doctor:** DOC_46
- **Hospital:** HOSP_46
- **Insurance Provider:** b
- **Billing Amount:** 42697
- **Room Number:** 108
- **Admission Type:** c
- **Discharge Date:** 2023-10-27
- **Medication:** e
- **Test Results:** c



Answer: None
</example>

<questionnaire>
# Survey Data

## Questions

- **Age:** What is your age? [Open-ended]
- **Gender:** What is your gender? [MCQ: A. Female B. Male]
- **Blood Type:** What is your blood type? [MCQ: A. A+ B. A- C. AB+ D. AB- E. B+ F. B- G. O+ H. O-]
- **Medical Condition:** What is your medical condition? [MCQ: A. Arthritis B. Asthma C. Cancer D. Diabetes E. Hypertension F. Obesity]
- **Date of Admission:** What is your date of admission? [Open-ended]
- **Doctor:** What is your doctor? [Open-ended]
- **Hospital:** What is your hospital? [Open-ended]
- **Insurance Provider:** What is your insurance provider? [MCQ: A. Aetna B. Blue Cross C. Cigna D. Medicare E. UnitedHealthcare]
- **Billing Amount:** What is your billing amount? [Open-ended]
- **Room Number:** What is your room number? [Open-ended]
- **Admission Type:** What is your admission type? [MCQ: A. Elective B. Emergency C. Urgent]
- **Discharge Date:** What is your discharge date? [Open-ended]
- **Medication:** What is your medication? [MCQ: A. Aspirin B. Ibuprofen C. Lipitor D. Paracetamol E. Penicillin]
- **Test Results:** What is your test results? [MCQ: A. Abnormal B. Inconclusive C. Normal]

## Responses

### Respondent 4

- **Age:** 51
- **Gender:** b
- **Blood Type:** e
- **Medical Condition:** d
- **Date of Admission:** 2022-06-17
- **Doctor:** DOC_04
- **Hospital:** HOSP_04
- **Insurance Provider:** d
- **Billing Amount:** 37406
- **Room Number:** 131
- **Admission Type:** a
- **Discharge Date:** 2022-06-28
- **Medication:** d
- **Test Results:** c

### Respondent 108

- **Age:** 63
- **Gender:** a
- **Blood Type:** a
- **Medical Condition:** a
- **Date of Admission:** 2020-08-11
- **Doctor:** DOC_108
- **Hospital:** HOSP_108
- **Insurance Provider:** e
- **Billing Amount:** 22951
- **Room Number:** 119
- **Admission Type:** a
- **Discharge Date:** 2020-07-20
- **Medication:** d
- **Test Results:** c

### Respondent 126

- **Age:** 20
- **Gender:** b
- **Blood Type:** g
- **Medical Condition:** a
- **Date of Admission:** 2021-01-03
- **Doctor:** DOC_126
- **Hospital:** HOSP_126
- **Insurance Provider:** b
- **Billing Amount:** 33682
- **Room Number:** 321
- **Admission Type:** b
- **Discharge Date:** 2020-12-08
- **Medication:** b
- **Test Results:** a

### Respondent 28

- **Age:** 32
- **Gender:** b
- **Blood Type:** c
- **Medical Condition:** d
- **Date of Admission:** 2019-11-05
- **Doctor:** DOC_28
- **Hospital:** HOSP_28
- **Insurance Provider:** a
- **Billing Amount:** 5767
- **Room Number:** 492
- **Admission Type:** c
- **Discharge Date:** 2019-10-15
- **Medication:** d
- **Test Results:** b

### Respondent 111

- **Age:** 19
- **Gender:** a
- **Blood Type:** d
- **Medical Condition:** a
- **Date of Admission:** 2022-03-12
- **Doctor:** DOC_111
- **Hospital:** HOSP_111
- **Insurance Provider:** a
- **Billing Amount:** 3126
- **Room Number:** 249
- **Admission Type:** b
- **Discharge Date:** 2022-06-24
- **Medication:** a
- **Test Results:** b

### Respondent 93

- **Age:** 58
- **Gender:** a
- **Blood Type:** g
- **Medical Condition:** a
- **Date of Admission:** 2023-08-19
- **Doctor:** DOC_93
- **Hospital:** HOSP_93
- **Insurance Provider:** e
- **Billing Amount:** 22841
- **Room Number:** 326
- **Admission Type:** b
- **Discharge Date:** 2023-09-18
- **Medication:** b
- **Test Results:** b

### Respondent 118

- **Age:** 27
- **Gender:** a
- **Blood Type:** d
- **Medical Condition:** e
- **Date of Admission:** 2021-11-30
- **Doctor:** DOC_118
- **Hospital:** HOSP_118
- **Insurance Provider:** a
- **Billing Amount:** 8451
- **Room Number:** 212
- **Admission Type:** c
- **Discharge Date:** 2022-01-16
- **Medication:** b
- **Test Results:** c

### Respondent 40

- **Age:** 37
- **Gender:** a
- **Blood Type:** c
- **Medical Condition:** b
- **Date of Admission:** 2020-03-02
- **Doctor:** DOC_40
- **Hospital:** HOSP_40
- **Insurance Provider:** d
- **Billing Amount:** 17696
- **Room Number:** 380
- **Admission Type:** a
- **Discharge Date:** 2020-04-02
- **Medication:** b
- **Test Results:** a

### Respondent 112

- **Age:** 67
- **Gender:** a
- **Blood Type:** g
- **Medical Condition:** c
- **Date of Admission:** 2022-09-22
- **Doctor:** DOC_112
- **Hospital:** HOSP_112
- **Insurance Provider:** a
- **Billing Amount:** 21880
- **Room Number:** 485
- **Admission Type:** c
- **Discharge Date:** 2023-01-11
- **Medication:** e
- **Test Results:** b

### Respondent 46

- **Age:** 22
- **Gender:** a
- **Blood Type:** b
- **Medical Condition:** a
- **Date of Admission:** 2023-12-20
- **Doctor:** DOC_46
- **Hospital:** HOSP_46
- **Insurance Provider:** b
- **Billing Amount:** 42697
- **Room Number:** 108
- **Admission Type:** c
- **Discharge Date:** 2023-10-27
- **Medication:** e
- **Test Results:** c


</questionnaire>

<role>
You are a meticulous data analyst AI. Your primary function is to accurately analyze structured data and provide precise, verifiable answers.
</role>

<format>
You will be given a dataset with two key parts:

A 'questions' section: This is your data dictionary or schema. It is the single source of truth for understanding what each field and score means. Refer to it carefully.

A 'responses' section: This contains the raw data from each individual respondent.

To answer the question correctly, you must first use the 'questions' schema to fully understand the context and meaning of the data points within the 'responses'. Do not rely on any prior knowledge outside of this provided data. Base your entire analysis on the information given.
</format>

<output>
Provide your final answer directly and concisely. Output must be the human-readable value, not an option code.

Rules:
- For MCQ fields, map any letter codes in the Responses (case-insensitive) to the corresponding option text from the Questions schema, and output only that text. Do NOT include the letter or both.
  Example: If the schema is ""[MCQ: A. Abnormal B. Inconclusive C. Normal]"" and the response is ""a"", output ""Abnormal"".
- For open-ended fields, output the exact text value.
- If the question asks for a count, provide only the number (e.g., ""42"").
- If the question asks for a list of names or IDs, provide a simple comma-separated list (e.g., ""17, 21, 23"").
- Preserve capitalization exactly as in the schema (e.g., output ""Abnormal"", not ""abnormal"" or ""A"").
</output>

<task>
Which respondents have a hospital of 'HOSP_40'?
</task>",,False
case_18,answer_reverse_lookup,List all respondents with test results = 'Normal' and medical condition = 'Asthma'.,"# Survey Data

## Questions

- **Age:** What is your age? [Open-ended]
- **Gender:** What is your gender? [MCQ: A. Female B. Male]
- **Blood Type:** What is your blood type? [MCQ: A. A+ B. A- C. AB+ D. AB- E. B+ F. B- G. O+ H. O-]
- **Medical Condition:** What is your medical condition? [MCQ: A. Arthritis B. Asthma C. Cancer D. Diabetes E. Hypertension F. Obesity]
- **Date of Admission:** What is your date of admission? [Open-ended]
- **Doctor:** What is your doctor? [Open-ended]
- **Hospital:** What is your hospital? [Open-ended]
- **Insurance Provider:** What is your insurance provider? [MCQ: A. Aetna B. Blue Cross C. Cigna D. Medicare E. UnitedHealthcare]
- **Billing Amount:** What is your billing amount? [Open-ended]
- **Room Number:** What is your room number? [Open-ended]
- **Admission Type:** What is your admission type? [MCQ: A. Elective B. Emergency C. Urgent]
- **Discharge Date:** What is your discharge date? [Open-ended]
- **Medication:** What is your medication? [MCQ: A. Aspirin B. Ibuprofen C. Lipitor D. Paracetamol E. Penicillin]
- **Test Results:** What is your test results? [MCQ: A. Abnormal B. Inconclusive C. Normal]

## Responses

### Respondent 138

- **Age:** 58
- **Gender:** a
- **Blood Type:** d
- **Medical Condition:** a
- **Date of Admission:** 2023-07-24
- **Doctor:** DOC_138
- **Hospital:** HOSP_138
- **Insurance Provider:** a
- **Billing Amount:** 7556
- **Room Number:** 133
- **Admission Type:** a
- **Discharge Date:** 2023-09-05
- **Medication:** d
- **Test Results:** a

### Respondent 124

- **Age:** 57
- **Gender:** b
- **Blood Type:** f
- **Medical Condition:** a
- **Date of Admission:** 2021-06-03
- **Doctor:** DOC_124
- **Hospital:** HOSP_124
- **Insurance Provider:** c
- **Billing Amount:** 46814
- **Room Number:** 228
- **Admission Type:** a
- **Discharge Date:** 2021-10-13
- **Medication:** d
- **Test Results:** b

### Respondent 120

- **Age:** 51
- **Gender:** b
- **Blood Type:** f
- **Medical Condition:** b
- **Date of Admission:** 2021-08-01
- **Doctor:** DOC_120
- **Hospital:** HOSP_120
- **Insurance Provider:** a
- **Billing Amount:** 49402
- **Room Number:** 361
- **Admission Type:** c
- **Discharge Date:** 2021-07-01
- **Medication:** d
- **Test Results:** b

### Respondent 112

- **Age:** 67
- **Gender:** a
- **Blood Type:** g
- **Medical Condition:** c
- **Date of Admission:** 2022-09-22
- **Doctor:** DOC_112
- **Hospital:** HOSP_112
- **Insurance Provider:** a
- **Billing Amount:** 21880
- **Room Number:** 485
- **Admission Type:** c
- **Discharge Date:** 2023-01-11
- **Medication:** e
- **Test Results:** b

### Respondent 69

- **Age:** 18
- **Gender:** b
- **Blood Type:** b
- **Medical Condition:** f
- **Date of Admission:** 2022-01-09
- **Doctor:** DOC_69
- **Hospital:** HOSP_69
- **Insurance Provider:** a
- **Billing Amount:** 46957
- **Room Number:** 331
- **Admission Type:** b
- **Discharge Date:** 2022-01-12
- **Medication:** a
- **Test Results:** b

### Respondent 83

- **Age:** 24
- **Gender:** a
- **Blood Type:** a
- **Medical Condition:** a
- **Date of Admission:** 2019-06-15
- **Doctor:** DOC_83
- **Hospital:** HOSP_83
- **Insurance Provider:** e
- **Billing Amount:** 25966
- **Room Number:** 102
- **Admission Type:** c
- **Discharge Date:** 2019-11-29
- **Medication:** e
- **Test Results:** a

### Respondent 63

- **Age:** 43
- **Gender:** b
- **Blood Type:** d
- **Medical Condition:** c
- **Date of Admission:** 2023-06-28
- **Doctor:** DOC_63
- **Hospital:** HOSP_63
- **Insurance Provider:** d
- **Billing Amount:** 19973
- **Room Number:** 451
- **Admission Type:** a
- **Discharge Date:** 2023-06-10
- **Medication:** b
- **Test Results:** c

### Respondent 23

- **Age:** 68
- **Gender:** a
- **Blood Type:** c
- **Medical Condition:** b
- **Date of Admission:** 2020-06-03
- **Doctor:** DOC_23
- **Hospital:** HOSP_23
- **Insurance Provider:** e
- **Billing Amount:** 33643
- **Room Number:** 290
- **Admission Type:** c
- **Discharge Date:** 2020-05-20
- **Medication:** c
- **Test Results:** c

### Respondent 72

- **Age:** 72
- **Gender:** a
- **Blood Type:** c
- **Medical Condition:** e
- **Date of Admission:** 2020-05-15
- **Doctor:** DOC_72
- **Hospital:** HOSP_72
- **Insurance Provider:** d
- **Billing Amount:** 30437
- **Room Number:** 115
- **Admission Type:** b
- **Discharge Date:** 2020-06-14
- **Medication:** d
- **Test Results:** b

",23,"<example>
List all respondents with doctor = 'DOC_107' and hospital = 'HOSP_148'.

DATA:

# Survey Data

## Questions

- **Age:** What is your age? [Open-ended]
- **Gender:** What is your gender? [MCQ: A. Female B. Male]
- **Blood Type:** What is your blood type? [MCQ: A. A+ B. A- C. AB+ D. AB- E. B+ F. B- G. O+ H. O-]
- **Medical Condition:** What is your medical condition? [MCQ: A. Arthritis B. Asthma C. Cancer D. Diabetes E. Hypertension F. Obesity]
- **Date of Admission:** What is your date of admission? [Open-ended]
- **Doctor:** What is your doctor? [Open-ended]
- **Hospital:** What is your hospital? [Open-ended]
- **Insurance Provider:** What is your insurance provider? [MCQ: A. Aetna B. Blue Cross C. Cigna D. Medicare E. UnitedHealthcare]
- **Billing Amount:** What is your billing amount? [Open-ended]
- **Room Number:** What is your room number? [Open-ended]
- **Admission Type:** What is your admission type? [MCQ: A. Elective B. Emergency C. Urgent]
- **Discharge Date:** What is your discharge date? [Open-ended]
- **Medication:** What is your medication? [MCQ: A. Aspirin B. Ibuprofen C. Lipitor D. Paracetamol E. Penicillin]
- **Test Results:** What is your test results? [MCQ: A. Abnormal B. Inconclusive C. Normal]

## Responses

### Respondent 138

- **Age:** 58
- **Gender:** a
- **Blood Type:** d
- **Medical Condition:** a
- **Date of Admission:** 2023-07-24
- **Doctor:** DOC_138
- **Hospital:** HOSP_138
- **Insurance Provider:** a
- **Billing Amount:** 7556
- **Room Number:** 133
- **Admission Type:** a
- **Discharge Date:** 2023-09-05
- **Medication:** d
- **Test Results:** a

### Respondent 124

- **Age:** 57
- **Gender:** b
- **Blood Type:** f
- **Medical Condition:** a
- **Date of Admission:** 2021-06-03
- **Doctor:** DOC_124
- **Hospital:** HOSP_124
- **Insurance Provider:** c
- **Billing Amount:** 46814
- **Room Number:** 228
- **Admission Type:** a
- **Discharge Date:** 2021-10-13
- **Medication:** d
- **Test Results:** b

### Respondent 120

- **Age:** 51
- **Gender:** b
- **Blood Type:** f
- **Medical Condition:** b
- **Date of Admission:** 2021-08-01
- **Doctor:** DOC_120
- **Hospital:** HOSP_120
- **Insurance Provider:** a
- **Billing Amount:** 49402
- **Room Number:** 361
- **Admission Type:** c
- **Discharge Date:** 2021-07-01
- **Medication:** d
- **Test Results:** b

### Respondent 112

- **Age:** 67
- **Gender:** a
- **Blood Type:** g
- **Medical Condition:** c
- **Date of Admission:** 2022-09-22
- **Doctor:** DOC_112
- **Hospital:** HOSP_112
- **Insurance Provider:** a
- **Billing Amount:** 21880
- **Room Number:** 485
- **Admission Type:** c
- **Discharge Date:** 2023-01-11
- **Medication:** e
- **Test Results:** b

### Respondent 69

- **Age:** 18
- **Gender:** b
- **Blood Type:** b
- **Medical Condition:** f
- **Date of Admission:** 2022-01-09
- **Doctor:** DOC_69
- **Hospital:** HOSP_69
- **Insurance Provider:** a
- **Billing Amount:** 46957
- **Room Number:** 331
- **Admission Type:** b
- **Discharge Date:** 2022-01-12
- **Medication:** a
- **Test Results:** b

### Respondent 83

- **Age:** 24
- **Gender:** a
- **Blood Type:** a
- **Medical Condition:** a
- **Date of Admission:** 2019-06-15
- **Doctor:** DOC_83
- **Hospital:** HOSP_83
- **Insurance Provider:** e
- **Billing Amount:** 25966
- **Room Number:** 102
- **Admission Type:** c
- **Discharge Date:** 2019-11-29
- **Medication:** e
- **Test Results:** a

### Respondent 63

- **Age:** 43
- **Gender:** b
- **Blood Type:** d
- **Medical Condition:** c
- **Date of Admission:** 2023-06-28
- **Doctor:** DOC_63
- **Hospital:** HOSP_63
- **Insurance Provider:** d
- **Billing Amount:** 19973
- **Room Number:** 451
- **Admission Type:** a
- **Discharge Date:** 2023-06-10
- **Medication:** b
- **Test Results:** c

### Respondent 23

- **Age:** 68
- **Gender:** a
- **Blood Type:** c
- **Medical Condition:** b
- **Date of Admission:** 2020-06-03
- **Doctor:** DOC_23
- **Hospital:** HOSP_23
- **Insurance Provider:** e
- **Billing Amount:** 33643
- **Room Number:** 290
- **Admission Type:** c
- **Discharge Date:** 2020-05-20
- **Medication:** c
- **Test Results:** c

### Respondent 72

- **Age:** 72
- **Gender:** a
- **Blood Type:** c
- **Medical Condition:** e
- **Date of Admission:** 2020-05-15
- **Doctor:** DOC_72
- **Hospital:** HOSP_72
- **Insurance Provider:** d
- **Billing Amount:** 30437
- **Room Number:** 115
- **Admission Type:** b
- **Discharge Date:** 2020-06-14
- **Medication:** d
- **Test Results:** b



Answer: None
</example>

<questionnaire>
# Survey Data

## Questions

- **Age:** What is your age? [Open-ended]
- **Gender:** What is your gender? [MCQ: A. Female B. Male]
- **Blood Type:** What is your blood type? [MCQ: A. A+ B. A- C. AB+ D. AB- E. B+ F. B- G. O+ H. O-]
- **Medical Condition:** What is your medical condition? [MCQ: A. Arthritis B. Asthma C. Cancer D. Diabetes E. Hypertension F. Obesity]
- **Date of Admission:** What is your date of admission? [Open-ended]
- **Doctor:** What is your doctor? [Open-ended]
- **Hospital:** What is your hospital? [Open-ended]
- **Insurance Provider:** What is your insurance provider? [MCQ: A. Aetna B. Blue Cross C. Cigna D. Medicare E. UnitedHealthcare]
- **Billing Amount:** What is your billing amount? [Open-ended]
- **Room Number:** What is your room number? [Open-ended]
- **Admission Type:** What is your admission type? [MCQ: A. Elective B. Emergency C. Urgent]
- **Discharge Date:** What is your discharge date? [Open-ended]
- **Medication:** What is your medication? [MCQ: A. Aspirin B. Ibuprofen C. Lipitor D. Paracetamol E. Penicillin]
- **Test Results:** What is your test results? [MCQ: A. Abnormal B. Inconclusive C. Normal]

## Responses

### Respondent 138

- **Age:** 58
- **Gender:** a
- **Blood Type:** d
- **Medical Condition:** a
- **Date of Admission:** 2023-07-24
- **Doctor:** DOC_138
- **Hospital:** HOSP_138
- **Insurance Provider:** a
- **Billing Amount:** 7556
- **Room Number:** 133
- **Admission Type:** a
- **Discharge Date:** 2023-09-05
- **Medication:** d
- **Test Results:** a

### Respondent 124

- **Age:** 57
- **Gender:** b
- **Blood Type:** f
- **Medical Condition:** a
- **Date of Admission:** 2021-06-03
- **Doctor:** DOC_124
- **Hospital:** HOSP_124
- **Insurance Provider:** c
- **Billing Amount:** 46814
- **Room Number:** 228
- **Admission Type:** a
- **Discharge Date:** 2021-10-13
- **Medication:** d
- **Test Results:** b

### Respondent 120

- **Age:** 51
- **Gender:** b
- **Blood Type:** f
- **Medical Condition:** b
- **Date of Admission:** 2021-08-01
- **Doctor:** DOC_120
- **Hospital:** HOSP_120
- **Insurance Provider:** a
- **Billing Amount:** 49402
- **Room Number:** 361
- **Admission Type:** c
- **Discharge Date:** 2021-07-01
- **Medication:** d
- **Test Results:** b

### Respondent 112

- **Age:** 67
- **Gender:** a
- **Blood Type:** g
- **Medical Condition:** c
- **Date of Admission:** 2022-09-22
- **Doctor:** DOC_112
- **Hospital:** HOSP_112
- **Insurance Provider:** a
- **Billing Amount:** 21880
- **Room Number:** 485
- **Admission Type:** c
- **Discharge Date:** 2023-01-11
- **Medication:** e
- **Test Results:** b

### Respondent 69

- **Age:** 18
- **Gender:** b
- **Blood Type:** b
- **Medical Condition:** f
- **Date of Admission:** 2022-01-09
- **Doctor:** DOC_69
- **Hospital:** HOSP_69
- **Insurance Provider:** a
- **Billing Amount:** 46957
- **Room Number:** 331
- **Admission Type:** b
- **Discharge Date:** 2022-01-12
- **Medication:** a
- **Test Results:** b

### Respondent 83

- **Age:** 24
- **Gender:** a
- **Blood Type:** a
- **Medical Condition:** a
- **Date of Admission:** 2019-06-15
- **Doctor:** DOC_83
- **Hospital:** HOSP_83
- **Insurance Provider:** e
- **Billing Amount:** 25966
- **Room Number:** 102
- **Admission Type:** c
- **Discharge Date:** 2019-11-29
- **Medication:** e
- **Test Results:** a

### Respondent 63

- **Age:** 43
- **Gender:** b
- **Blood Type:** d
- **Medical Condition:** c
- **Date of Admission:** 2023-06-28
- **Doctor:** DOC_63
- **Hospital:** HOSP_63
- **Insurance Provider:** d
- **Billing Amount:** 19973
- **Room Number:** 451
- **Admission Type:** a
- **Discharge Date:** 2023-06-10
- **Medication:** b
- **Test Results:** c

### Respondent 23

- **Age:** 68
- **Gender:** a
- **Blood Type:** c
- **Medical Condition:** b
- **Date of Admission:** 2020-06-03
- **Doctor:** DOC_23
- **Hospital:** HOSP_23
- **Insurance Provider:** e
- **Billing Amount:** 33643
- **Room Number:** 290
- **Admission Type:** c
- **Discharge Date:** 2020-05-20
- **Medication:** c
- **Test Results:** c

### Respondent 72

- **Age:** 72
- **Gender:** a
- **Blood Type:** c
- **Medical Condition:** e
- **Date of Admission:** 2020-05-15
- **Doctor:** DOC_72
- **Hospital:** HOSP_72
- **Insurance Provider:** d
- **Billing Amount:** 30437
- **Room Number:** 115
- **Admission Type:** b
- **Discharge Date:** 2020-06-14
- **Medication:** d
- **Test Results:** b


</questionnaire>

<role>
You are a meticulous data analyst AI. Your primary function is to accurately analyze structured data and provide precise, verifiable answers.
</role>

<format>
You will be given a dataset with two key parts:

A 'questions' section: This is your data dictionary or schema. It is the single source of truth for understanding what each field and score means. Refer to it carefully.

A 'responses' section: This contains the raw data from each individual respondent.

To answer the question correctly, you must first use the 'questions' schema to fully understand the context and meaning of the data points within the 'responses'. Do not rely on any prior knowledge outside of this provided data. Base your entire analysis on the information given.
</format>

<output>
Provide your final answer directly and concisely. Output must be the human-readable value, not an option code.

Rules:
- For MCQ fields, map any letter codes in the Responses (case-insensitive) to the corresponding option text from the Questions schema, and output only that text. Do NOT include the letter or both.
  Example: If the schema is ""[MCQ: A. Abnormal B. Inconclusive C. Normal]"" and the response is ""a"", output ""Abnormal"".
- For open-ended fields, output the exact text value.
- If the question asks for a count, provide only the number (e.g., ""42"").
- If the question asks for a list of names or IDs, provide a simple comma-separated list (e.g., ""17, 21, 23"").
- Preserve capitalization exactly as in the schema (e.g., output ""Abnormal"", not ""abnormal"" or ""A"").
</output>

<task>
List all respondents with test results = 'Normal' and medical condition = 'Asthma'.
</task>",,False
case_19,answer_reverse_lookup,List all respondents with medication = 'Lipitor' and blood type = 'A-'.,"# Survey Data

## Questions

- **Age:** What is your age? [Open-ended]
- **Gender:** What is your gender? [MCQ: A. Female B. Male]
- **Blood Type:** What is your blood type? [MCQ: A. A+ B. A- C. AB+ D. AB- E. B+ F. B- G. O+ H. O-]
- **Medical Condition:** What is your medical condition? [MCQ: A. Arthritis B. Asthma C. Cancer D. Diabetes E. Hypertension F. Obesity]
- **Date of Admission:** What is your date of admission? [Open-ended]
- **Doctor:** What is your doctor? [Open-ended]
- **Hospital:** What is your hospital? [Open-ended]
- **Insurance Provider:** What is your insurance provider? [MCQ: A. Aetna B. Blue Cross C. Cigna D. Medicare E. UnitedHealthcare]
- **Billing Amount:** What is your billing amount? [Open-ended]
- **Room Number:** What is your room number? [Open-ended]
- **Admission Type:** What is your admission type? [MCQ: A. Elective B. Emergency C. Urgent]
- **Discharge Date:** What is your discharge date? [Open-ended]
- **Medication:** What is your medication? [MCQ: A. Aspirin B. Ibuprofen C. Lipitor D. Paracetamol E. Penicillin]
- **Test Results:** What is your test results? [MCQ: A. Abnormal B. Inconclusive C. Normal]

## Responses

### Respondent 63

- **Age:** 43
- **Gender:** b
- **Blood Type:** d
- **Medical Condition:** c
- **Date of Admission:** 2023-06-28
- **Doctor:** DOC_63
- **Hospital:** HOSP_63
- **Insurance Provider:** d
- **Billing Amount:** 19973
- **Room Number:** 451
- **Admission Type:** a
- **Discharge Date:** 2023-06-10
- **Medication:** b
- **Test Results:** c

### Respondent 119

- **Age:** 23
- **Gender:** a
- **Blood Type:** b
- **Medical Condition:** f
- **Date of Admission:** 2022-04-08
- **Doctor:** DOC_119
- **Hospital:** HOSP_119
- **Insurance Provider:** e
- **Billing Amount:** 6768
- **Room Number:** 157
- **Admission Type:** a
- **Discharge Date:** 2022-04-09
- **Medication:** c
- **Test Results:** a

### Respondent 146

- **Age:** 34
- **Gender:** a
- **Blood Type:** f
- **Medical Condition:** d
- **Date of Admission:** 2021-03-04
- **Doctor:** DOC_146
- **Hospital:** HOSP_146
- **Insurance Provider:** c
- **Billing Amount:** 1590
- **Room Number:** 245
- **Admission Type:** b
- **Discharge Date:** 2021-02-06
- **Medication:** e
- **Test Results:** b

### Respondent 98

- **Age:** 34
- **Gender:** a
- **Blood Type:** e
- **Medical Condition:** b
- **Date of Admission:** 2021-04-17
- **Doctor:** DOC_98
- **Hospital:** HOSP_98
- **Insurance Provider:** e
- **Billing Amount:** 24637
- **Room Number:** 316
- **Admission Type:** a
- **Discharge Date:** 2021-03-11
- **Medication:** b
- **Test Results:** c

### Respondent 87

- **Age:** 55
- **Gender:** a
- **Blood Type:** a
- **Medical Condition:** d
- **Date of Admission:** 2023-04-09
- **Doctor:** DOC_87
- **Hospital:** HOSP_87
- **Insurance Provider:** a
- **Billing Amount:** 19581
- **Room Number:** 476
- **Admission Type:** a
- **Discharge Date:** 2023-01-27
- **Medication:** b
- **Test Results:** c

### Respondent 8

- **Age:** 23
- **Gender:** b
- **Blood Type:** e
- **Medical Condition:** e
- **Date of Admission:** 2022-06-17
- **Doctor:** DOC_08
- **Hospital:** HOSP_08
- **Insurance Provider:** c
- **Billing Amount:** 3909
- **Room Number:** 113
- **Admission Type:** a
- **Discharge Date:** 2022-09-07
- **Medication:** b
- **Test Results:** b

### Respondent 127

- **Age:** 63
- **Gender:** b
- **Blood Type:** f
- **Medical Condition:** b
- **Date of Admission:** 2020-08-21
- **Doctor:** DOC_127
- **Hospital:** HOSP_127
- **Insurance Provider:** a
- **Billing Amount:** 35634
- **Room Number:** 157
- **Admission Type:** b
- **Discharge Date:** 2020-10-08
- **Medication:** e
- **Test Results:** b

### Respondent 84

- **Age:** 40
- **Gender:** b
- **Blood Type:** d
- **Medical Condition:** f
- **Date of Admission:** 2020-01-27
- **Doctor:** DOC_84
- **Hospital:** HOSP_84
- **Insurance Provider:** c
- **Billing Amount:** 17993
- **Room Number:** 458
- **Admission Type:** c
- **Discharge Date:** 2020-05-13
- **Medication:** b
- **Test Results:** a

### Respondent 47

- **Age:** 62
- **Gender:** b
- **Blood Type:** e
- **Medical Condition:** c
- **Date of Admission:** 2024-04-07
- **Doctor:** DOC_47
- **Hospital:** HOSP_47
- **Insurance Provider:** e
- **Billing Amount:** 25504
- **Room Number:** 425
- **Admission Type:** c
- **Discharge Date:** 2024-03-28
- **Medication:** b
- **Test Results:** c

### Respondent 125

- **Age:** 20
- **Gender:** a
- **Blood Type:** a
- **Medical Condition:** a
- **Date of Admission:** 2020-03-08
- **Doctor:** DOC_125
- **Hospital:** HOSP_125
- **Insurance Provider:** d
- **Billing Amount:** 21772
- **Room Number:** 244
- **Admission Type:** a
- **Discharge Date:** 2020-02-12
- **Medication:** e
- **Test Results:** c

### Respondent 55

- **Age:** 30
- **Gender:** b
- **Blood Type:** d
- **Medical Condition:** e
- **Date of Admission:** 2024-03-17
- **Doctor:** DOC_55
- **Hospital:** HOSP_55
- **Insurance Provider:** d
- **Billing Amount:** 32562
- **Room Number:** 430
- **Admission Type:** b
- **Discharge Date:** 2024-04-22
- **Medication:** d
- **Test Results:** b

### Respondent 91

- **Age:** 42
- **Gender:** a
- **Blood Type:** b
- **Medical Condition:** b
- **Date of Admission:** 2022-07-08
- **Doctor:** DOC_91
- **Hospital:** HOSP_91
- **Insurance Provider:** c
- **Billing Amount:** 26787
- **Room Number:** 406
- **Admission Type:** a
- **Discharge Date:** 2022-06-30
- **Medication:** d
- **Test Results:** c

",119,"<example>
List all respondents with doctor = 'DOC_107' and hospital = 'HOSP_148'.

DATA:

# Survey Data

## Questions

- **Age:** What is your age? [Open-ended]
- **Gender:** What is your gender? [MCQ: A. Female B. Male]
- **Blood Type:** What is your blood type? [MCQ: A. A+ B. A- C. AB+ D. AB- E. B+ F. B- G. O+ H. O-]
- **Medical Condition:** What is your medical condition? [MCQ: A. Arthritis B. Asthma C. Cancer D. Diabetes E. Hypertension F. Obesity]
- **Date of Admission:** What is your date of admission? [Open-ended]
- **Doctor:** What is your doctor? [Open-ended]
- **Hospital:** What is your hospital? [Open-ended]
- **Insurance Provider:** What is your insurance provider? [MCQ: A. Aetna B. Blue Cross C. Cigna D. Medicare E. UnitedHealthcare]
- **Billing Amount:** What is your billing amount? [Open-ended]
- **Room Number:** What is your room number? [Open-ended]
- **Admission Type:** What is your admission type? [MCQ: A. Elective B. Emergency C. Urgent]
- **Discharge Date:** What is your discharge date? [Open-ended]
- **Medication:** What is your medication? [MCQ: A. Aspirin B. Ibuprofen C. Lipitor D. Paracetamol E. Penicillin]
- **Test Results:** What is your test results? [MCQ: A. Abnormal B. Inconclusive C. Normal]

## Responses

### Respondent 63

- **Age:** 43
- **Gender:** b
- **Blood Type:** d
- **Medical Condition:** c
- **Date of Admission:** 2023-06-28
- **Doctor:** DOC_63
- **Hospital:** HOSP_63
- **Insurance Provider:** d
- **Billing Amount:** 19973
- **Room Number:** 451
- **Admission Type:** a
- **Discharge Date:** 2023-06-10
- **Medication:** b
- **Test Results:** c

### Respondent 119

- **Age:** 23
- **Gender:** a
- **Blood Type:** b
- **Medical Condition:** f
- **Date of Admission:** 2022-04-08
- **Doctor:** DOC_119
- **Hospital:** HOSP_119
- **Insurance Provider:** e
- **Billing Amount:** 6768
- **Room Number:** 157
- **Admission Type:** a
- **Discharge Date:** 2022-04-09
- **Medication:** c
- **Test Results:** a

### Respondent 146

- **Age:** 34
- **Gender:** a
- **Blood Type:** f
- **Medical Condition:** d
- **Date of Admission:** 2021-03-04
- **Doctor:** DOC_146
- **Hospital:** HOSP_146
- **Insurance Provider:** c
- **Billing Amount:** 1590
- **Room Number:** 245
- **Admission Type:** b
- **Discharge Date:** 2021-02-06
- **Medication:** e
- **Test Results:** b

### Respondent 98

- **Age:** 34
- **Gender:** a
- **Blood Type:** e
- **Medical Condition:** b
- **Date of Admission:** 2021-04-17
- **Doctor:** DOC_98
- **Hospital:** HOSP_98
- **Insurance Provider:** e
- **Billing Amount:** 24637
- **Room Number:** 316
- **Admission Type:** a
- **Discharge Date:** 2021-03-11
- **Medication:** b
- **Test Results:** c

### Respondent 87

- **Age:** 55
- **Gender:** a
- **Blood Type:** a
- **Medical Condition:** d
- **Date of Admission:** 2023-04-09
- **Doctor:** DOC_87
- **Hospital:** HOSP_87
- **Insurance Provider:** a
- **Billing Amount:** 19581
- **Room Number:** 476
- **Admission Type:** a
- **Discharge Date:** 2023-01-27
- **Medication:** b
- **Test Results:** c

### Respondent 8

- **Age:** 23
- **Gender:** b
- **Blood Type:** e
- **Medical Condition:** e
- **Date of Admission:** 2022-06-17
- **Doctor:** DOC_08
- **Hospital:** HOSP_08
- **Insurance Provider:** c
- **Billing Amount:** 3909
- **Room Number:** 113
- **Admission Type:** a
- **Discharge Date:** 2022-09-07
- **Medication:** b
- **Test Results:** b

### Respondent 127

- **Age:** 63
- **Gender:** b
- **Blood Type:** f
- **Medical Condition:** b
- **Date of Admission:** 2020-08-21
- **Doctor:** DOC_127
- **Hospital:** HOSP_127
- **Insurance Provider:** a
- **Billing Amount:** 35634
- **Room Number:** 157
- **Admission Type:** b
- **Discharge Date:** 2020-10-08
- **Medication:** e
- **Test Results:** b

### Respondent 84

- **Age:** 40
- **Gender:** b
- **Blood Type:** d
- **Medical Condition:** f
- **Date of Admission:** 2020-01-27
- **Doctor:** DOC_84
- **Hospital:** HOSP_84
- **Insurance Provider:** c
- **Billing Amount:** 17993
- **Room Number:** 458
- **Admission Type:** c
- **Discharge Date:** 2020-05-13
- **Medication:** b
- **Test Results:** a

### Respondent 47

- **Age:** 62
- **Gender:** b
- **Blood Type:** e
- **Medical Condition:** c
- **Date of Admission:** 2024-04-07
- **Doctor:** DOC_47
- **Hospital:** HOSP_47
- **Insurance Provider:** e
- **Billing Amount:** 25504
- **Room Number:** 425
- **Admission Type:** c
- **Discharge Date:** 2024-03-28
- **Medication:** b
- **Test Results:** c

### Respondent 125

- **Age:** 20
- **Gender:** a
- **Blood Type:** a
- **Medical Condition:** a
- **Date of Admission:** 2020-03-08
- **Doctor:** DOC_125
- **Hospital:** HOSP_125
- **Insurance Provider:** d
- **Billing Amount:** 21772
- **Room Number:** 244
- **Admission Type:** a
- **Discharge Date:** 2020-02-12
- **Medication:** e
- **Test Results:** c

### Respondent 55

- **Age:** 30
- **Gender:** b
- **Blood Type:** d
- **Medical Condition:** e
- **Date of Admission:** 2024-03-17
- **Doctor:** DOC_55
- **Hospital:** HOSP_55
- **Insurance Provider:** d
- **Billing Amount:** 32562
- **Room Number:** 430
- **Admission Type:** b
- **Discharge Date:** 2024-04-22
- **Medication:** d
- **Test Results:** b

### Respondent 91

- **Age:** 42
- **Gender:** a
- **Blood Type:** b
- **Medical Condition:** b
- **Date of Admission:** 2022-07-08
- **Doctor:** DOC_91
- **Hospital:** HOSP_91
- **Insurance Provider:** c
- **Billing Amount:** 26787
- **Room Number:** 406
- **Admission Type:** a
- **Discharge Date:** 2022-06-30
- **Medication:** d
- **Test Results:** c



Answer: None
</example>

<questionnaire>
# Survey Data

## Questions

- **Age:** What is your age? [Open-ended]
- **Gender:** What is your gender? [MCQ: A. Female B. Male]
- **Blood Type:** What is your blood type? [MCQ: A. A+ B. A- C. AB+ D. AB- E. B+ F. B- G. O+ H. O-]
- **Medical Condition:** What is your medical condition? [MCQ: A. Arthritis B. Asthma C. Cancer D. Diabetes E. Hypertension F. Obesity]
- **Date of Admission:** What is your date of admission? [Open-ended]
- **Doctor:** What is your doctor? [Open-ended]
- **Hospital:** What is your hospital? [Open-ended]
- **Insurance Provider:** What is your insurance provider? [MCQ: A. Aetna B. Blue Cross C. Cigna D. Medicare E. UnitedHealthcare]
- **Billing Amount:** What is your billing amount? [Open-ended]
- **Room Number:** What is your room number? [Open-ended]
- **Admission Type:** What is your admission type? [MCQ: A. Elective B. Emergency C. Urgent]
- **Discharge Date:** What is your discharge date? [Open-ended]
- **Medication:** What is your medication? [MCQ: A. Aspirin B. Ibuprofen C. Lipitor D. Paracetamol E. Penicillin]
- **Test Results:** What is your test results? [MCQ: A. Abnormal B. Inconclusive C. Normal]

## Responses

### Respondent 63

- **Age:** 43
- **Gender:** b
- **Blood Type:** d
- **Medical Condition:** c
- **Date of Admission:** 2023-06-28
- **Doctor:** DOC_63
- **Hospital:** HOSP_63
- **Insurance Provider:** d
- **Billing Amount:** 19973
- **Room Number:** 451
- **Admission Type:** a
- **Discharge Date:** 2023-06-10
- **Medication:** b
- **Test Results:** c

### Respondent 119

- **Age:** 23
- **Gender:** a
- **Blood Type:** b
- **Medical Condition:** f
- **Date of Admission:** 2022-04-08
- **Doctor:** DOC_119
- **Hospital:** HOSP_119
- **Insurance Provider:** e
- **Billing Amount:** 6768
- **Room Number:** 157
- **Admission Type:** a
- **Discharge Date:** 2022-04-09
- **Medication:** c
- **Test Results:** a

### Respondent 146

- **Age:** 34
- **Gender:** a
- **Blood Type:** f
- **Medical Condition:** d
- **Date of Admission:** 2021-03-04
- **Doctor:** DOC_146
- **Hospital:** HOSP_146
- **Insurance Provider:** c
- **Billing Amount:** 1590
- **Room Number:** 245
- **Admission Type:** b
- **Discharge Date:** 2021-02-06
- **Medication:** e
- **Test Results:** b

### Respondent 98

- **Age:** 34
- **Gender:** a
- **Blood Type:** e
- **Medical Condition:** b
- **Date of Admission:** 2021-04-17
- **Doctor:** DOC_98
- **Hospital:** HOSP_98
- **Insurance Provider:** e
- **Billing Amount:** 24637
- **Room Number:** 316
- **Admission Type:** a
- **Discharge Date:** 2021-03-11
- **Medication:** b
- **Test Results:** c

### Respondent 87

- **Age:** 55
- **Gender:** a
- **Blood Type:** a
- **Medical Condition:** d
- **Date of Admission:** 2023-04-09
- **Doctor:** DOC_87
- **Hospital:** HOSP_87
- **Insurance Provider:** a
- **Billing Amount:** 19581
- **Room Number:** 476
- **Admission Type:** a
- **Discharge Date:** 2023-01-27
- **Medication:** b
- **Test Results:** c

### Respondent 8

- **Age:** 23
- **Gender:** b
- **Blood Type:** e
- **Medical Condition:** e
- **Date of Admission:** 2022-06-17
- **Doctor:** DOC_08
- **Hospital:** HOSP_08
- **Insurance Provider:** c
- **Billing Amount:** 3909
- **Room Number:** 113
- **Admission Type:** a
- **Discharge Date:** 2022-09-07
- **Medication:** b
- **Test Results:** b

### Respondent 127

- **Age:** 63
- **Gender:** b
- **Blood Type:** f
- **Medical Condition:** b
- **Date of Admission:** 2020-08-21
- **Doctor:** DOC_127
- **Hospital:** HOSP_127
- **Insurance Provider:** a
- **Billing Amount:** 35634
- **Room Number:** 157
- **Admission Type:** b
- **Discharge Date:** 2020-10-08
- **Medication:** e
- **Test Results:** b

### Respondent 84

- **Age:** 40
- **Gender:** b
- **Blood Type:** d
- **Medical Condition:** f
- **Date of Admission:** 2020-01-27
- **Doctor:** DOC_84
- **Hospital:** HOSP_84
- **Insurance Provider:** c
- **Billing Amount:** 17993
- **Room Number:** 458
- **Admission Type:** c
- **Discharge Date:** 2020-05-13
- **Medication:** b
- **Test Results:** a

### Respondent 47

- **Age:** 62
- **Gender:** b
- **Blood Type:** e
- **Medical Condition:** c
- **Date of Admission:** 2024-04-07
- **Doctor:** DOC_47
- **Hospital:** HOSP_47
- **Insurance Provider:** e
- **Billing Amount:** 25504
- **Room Number:** 425
- **Admission Type:** c
- **Discharge Date:** 2024-03-28
- **Medication:** b
- **Test Results:** c

### Respondent 125

- **Age:** 20
- **Gender:** a
- **Blood Type:** a
- **Medical Condition:** a
- **Date of Admission:** 2020-03-08
- **Doctor:** DOC_125
- **Hospital:** HOSP_125
- **Insurance Provider:** d
- **Billing Amount:** 21772
- **Room Number:** 244
- **Admission Type:** a
- **Discharge Date:** 2020-02-12
- **Medication:** e
- **Test Results:** c

### Respondent 55

- **Age:** 30
- **Gender:** b
- **Blood Type:** d
- **Medical Condition:** e
- **Date of Admission:** 2024-03-17
- **Doctor:** DOC_55
- **Hospital:** HOSP_55
- **Insurance Provider:** d
- **Billing Amount:** 32562
- **Room Number:** 430
- **Admission Type:** b
- **Discharge Date:** 2024-04-22
- **Medication:** d
- **Test Results:** b

### Respondent 91

- **Age:** 42
- **Gender:** a
- **Blood Type:** b
- **Medical Condition:** b
- **Date of Admission:** 2022-07-08
- **Doctor:** DOC_91
- **Hospital:** HOSP_91
- **Insurance Provider:** c
- **Billing Amount:** 26787
- **Room Number:** 406
- **Admission Type:** a
- **Discharge Date:** 2022-06-30
- **Medication:** d
- **Test Results:** c


</questionnaire>

<role>
You are a meticulous data analyst AI. Your primary function is to accurately analyze structured data and provide precise, verifiable answers.
</role>

<format>
You will be given a dataset with two key parts:

A 'questions' section: This is your data dictionary or schema. It is the single source of truth for understanding what each field and score means. Refer to it carefully.

A 'responses' section: This contains the raw data from each individual respondent.

To answer the question correctly, you must first use the 'questions' schema to fully understand the context and meaning of the data points within the 'responses'. Do not rely on any prior knowledge outside of this provided data. Base your entire analysis on the information given.
</format>

<output>
Provide your final answer directly and concisely. Output must be the human-readable value, not an option code.

Rules:
- For MCQ fields, map any letter codes in the Responses (case-insensitive) to the corresponding option text from the Questions schema, and output only that text. Do NOT include the letter or both.
  Example: If the schema is ""[MCQ: A. Abnormal B. Inconclusive C. Normal]"" and the response is ""a"", output ""Abnormal"".
- For open-ended fields, output the exact text value.
- If the question asks for a count, provide only the number (e.g., ""42"").
- If the question asks for a list of names or IDs, provide a simple comma-separated list (e.g., ""17, 21, 23"").
- Preserve capitalization exactly as in the schema (e.g., output ""Abnormal"", not ""abnormal"" or ""A"").
</output>

<task>
List all respondents with medication = 'Lipitor' and blood type = 'A-'.
</task>",,False
case_20,answer_reverse_lookup,Find all respondents whose room number is between 180 and 376.,"# Survey Data

## Questions

- **Age:** What is your age? [Open-ended]
- **Gender:** What is your gender? [MCQ: A. Female B. Male]
- **Blood Type:** What is your blood type? [MCQ: A. A+ B. A- C. AB+ D. AB- E. B+ F. B- G. O+ H. O-]
- **Medical Condition:** What is your medical condition? [MCQ: A. Arthritis B. Asthma C. Cancer D. Diabetes E. Hypertension F. Obesity]
- **Date of Admission:** What is your date of admission? [Open-ended]
- **Doctor:** What is your doctor? [Open-ended]
- **Hospital:** What is your hospital? [Open-ended]
- **Insurance Provider:** What is your insurance provider? [MCQ: A. Aetna B. Blue Cross C. Cigna D. Medicare E. UnitedHealthcare]
- **Billing Amount:** What is your billing amount? [Open-ended]
- **Room Number:** What is your room number? [Open-ended]
- **Admission Type:** What is your admission type? [MCQ: A. Elective B. Emergency C. Urgent]
- **Discharge Date:** What is your discharge date? [Open-ended]
- **Medication:** What is your medication? [MCQ: A. Aspirin B. Ibuprofen C. Lipitor D. Paracetamol E. Penicillin]
- **Test Results:** What is your test results? [MCQ: A. Abnormal B. Inconclusive C. Normal]

## Responses

### Respondent 88

- **Age:** 38
- **Gender:** a
- **Blood Type:** a
- **Medical Condition:** c
- **Date of Admission:** 2023-06-08
- **Doctor:** DOC_88
- **Hospital:** HOSP_88
- **Insurance Provider:** c
- **Billing Amount:** 39616
- **Room Number:** 442
- **Admission Type:** a
- **Discharge Date:** 2023-07-02
- **Medication:** a
- **Test Results:** a

### Respondent 72

- **Age:** 72
- **Gender:** a
- **Blood Type:** c
- **Medical Condition:** e
- **Date of Admission:** 2020-05-15
- **Doctor:** DOC_72
- **Hospital:** HOSP_72
- **Insurance Provider:** d
- **Billing Amount:** 30437
- **Room Number:** 115
- **Admission Type:** b
- **Discharge Date:** 2020-06-14
- **Medication:** d
- **Test Results:** b

### Respondent 71

- **Age:** 52
- **Gender:** b
- **Blood Type:** f
- **Medical Condition:** d
- **Date of Admission:** 2022-09-14
- **Doctor:** DOC_71
- **Hospital:** HOSP_71
- **Insurance Provider:** b
- **Billing Amount:** 31486
- **Room Number:** 212
- **Admission Type:** a
- **Discharge Date:** 2022-10-07
- **Medication:** a
- **Test Results:** c

### Respondent 143

- **Age:** 80
- **Gender:** b
- **Blood Type:** a
- **Medical Condition:** d
- **Date of Admission:** 2022-12-10
- **Doctor:** DOC_143
- **Hospital:** HOSP_143
- **Insurance Provider:** e
- **Billing Amount:** 10107
- **Room Number:** 130
- **Admission Type:** b
- **Discharge Date:** 2022-09-27
- **Medication:** a
- **Test Results:** a

### Respondent 3

- **Age:** 34
- **Gender:** b
- **Blood Type:** f
- **Medical Condition:** b
- **Date of Admission:** 2019-08-19
- **Doctor:** DOC_03
- **Hospital:** HOSP_03
- **Insurance Provider:** c
- **Billing Amount:** 48175
- **Room Number:** 377
- **Admission Type:** c
- **Discharge Date:** 2019-10-19
- **Medication:** b
- **Test Results:** b

### Respondent 133

- **Age:** 22
- **Gender:** b
- **Blood Type:** d
- **Medical Condition:** c
- **Date of Admission:** 2023-10-15
- **Doctor:** DOC_133
- **Hospital:** HOSP_133
- **Insurance Provider:** c
- **Billing Amount:** 10662
- **Room Number:** 413
- **Admission Type:** b
- **Discharge Date:** 2024-01-02
- **Medication:** d
- **Test Results:** a

### Respondent 49

- **Age:** 72
- **Gender:** b
- **Blood Type:** g
- **Medical Condition:** a
- **Date of Admission:** 2021-10-25
- **Doctor:** DOC_49
- **Hospital:** HOSP_49
- **Insurance Provider:** b
- **Billing Amount:** 25302
- **Room Number:** 130
- **Admission Type:** a
- **Discharge Date:** 2021-12-07
- **Medication:** a
- **Test Results:** c

### Respondent 22

- **Age:** 57
- **Gender:** b
- **Blood Type:** g
- **Medical Condition:** a
- **Date of Admission:** 2022-06-21
- **Doctor:** DOC_22
- **Hospital:** HOSP_22
- **Insurance Provider:** a
- **Billing Amount:** 5998
- **Room Number:** 325
- **Admission Type:** c
- **Discharge Date:** 2022-04-13
- **Medication:** c
- **Test Results:** b

### Respondent 62

- **Age:** 27
- **Gender:** b
- **Blood Type:** g
- **Medical Condition:** c
- **Date of Admission:** 2024-02-22
- **Doctor:** DOC_62
- **Hospital:** HOSP_62
- **Insurance Provider:** d
- **Billing Amount:** 44437
- **Room Number:** 376
- **Admission Type:** a
- **Discharge Date:** 2024-02-04
- **Medication:** b
- **Test Results:** a

","71, 22, 62","<example>
List all respondents with doctor = 'DOC_107' and hospital = 'HOSP_148'.

DATA:

# Survey Data

## Questions

- **Age:** What is your age? [Open-ended]
- **Gender:** What is your gender? [MCQ: A. Female B. Male]
- **Blood Type:** What is your blood type? [MCQ: A. A+ B. A- C. AB+ D. AB- E. B+ F. B- G. O+ H. O-]
- **Medical Condition:** What is your medical condition? [MCQ: A. Arthritis B. Asthma C. Cancer D. Diabetes E. Hypertension F. Obesity]
- **Date of Admission:** What is your date of admission? [Open-ended]
- **Doctor:** What is your doctor? [Open-ended]
- **Hospital:** What is your hospital? [Open-ended]
- **Insurance Provider:** What is your insurance provider? [MCQ: A. Aetna B. Blue Cross C. Cigna D. Medicare E. UnitedHealthcare]
- **Billing Amount:** What is your billing amount? [Open-ended]
- **Room Number:** What is your room number? [Open-ended]
- **Admission Type:** What is your admission type? [MCQ: A. Elective B. Emergency C. Urgent]
- **Discharge Date:** What is your discharge date? [Open-ended]
- **Medication:** What is your medication? [MCQ: A. Aspirin B. Ibuprofen C. Lipitor D. Paracetamol E. Penicillin]
- **Test Results:** What is your test results? [MCQ: A. Abnormal B. Inconclusive C. Normal]

## Responses

### Respondent 88

- **Age:** 38
- **Gender:** a
- **Blood Type:** a
- **Medical Condition:** c
- **Date of Admission:** 2023-06-08
- **Doctor:** DOC_88
- **Hospital:** HOSP_88
- **Insurance Provider:** c
- **Billing Amount:** 39616
- **Room Number:** 442
- **Admission Type:** a
- **Discharge Date:** 2023-07-02
- **Medication:** a
- **Test Results:** a

### Respondent 72

- **Age:** 72
- **Gender:** a
- **Blood Type:** c
- **Medical Condition:** e
- **Date of Admission:** 2020-05-15
- **Doctor:** DOC_72
- **Hospital:** HOSP_72
- **Insurance Provider:** d
- **Billing Amount:** 30437
- **Room Number:** 115
- **Admission Type:** b
- **Discharge Date:** 2020-06-14
- **Medication:** d
- **Test Results:** b

### Respondent 71

- **Age:** 52
- **Gender:** b
- **Blood Type:** f
- **Medical Condition:** d
- **Date of Admission:** 2022-09-14
- **Doctor:** DOC_71
- **Hospital:** HOSP_71
- **Insurance Provider:** b
- **Billing Amount:** 31486
- **Room Number:** 212
- **Admission Type:** a
- **Discharge Date:** 2022-10-07
- **Medication:** a
- **Test Results:** c

### Respondent 143

- **Age:** 80
- **Gender:** b
- **Blood Type:** a
- **Medical Condition:** d
- **Date of Admission:** 2022-12-10
- **Doctor:** DOC_143
- **Hospital:** HOSP_143
- **Insurance Provider:** e
- **Billing Amount:** 10107
- **Room Number:** 130
- **Admission Type:** b
- **Discharge Date:** 2022-09-27
- **Medication:** a
- **Test Results:** a

### Respondent 3

- **Age:** 34
- **Gender:** b
- **Blood Type:** f
- **Medical Condition:** b
- **Date of Admission:** 2019-08-19
- **Doctor:** DOC_03
- **Hospital:** HOSP_03
- **Insurance Provider:** c
- **Billing Amount:** 48175
- **Room Number:** 377
- **Admission Type:** c
- **Discharge Date:** 2019-10-19
- **Medication:** b
- **Test Results:** b

### Respondent 133

- **Age:** 22
- **Gender:** b
- **Blood Type:** d
- **Medical Condition:** c
- **Date of Admission:** 2023-10-15
- **Doctor:** DOC_133
- **Hospital:** HOSP_133
- **Insurance Provider:** c
- **Billing Amount:** 10662
- **Room Number:** 413
- **Admission Type:** b
- **Discharge Date:** 2024-01-02
- **Medication:** d
- **Test Results:** a

### Respondent 49

- **Age:** 72
- **Gender:** b
- **Blood Type:** g
- **Medical Condition:** a
- **Date of Admission:** 2021-10-25
- **Doctor:** DOC_49
- **Hospital:** HOSP_49
- **Insurance Provider:** b
- **Billing Amount:** 25302
- **Room Number:** 130
- **Admission Type:** a
- **Discharge Date:** 2021-12-07
- **Medication:** a
- **Test Results:** c

### Respondent 22

- **Age:** 57
- **Gender:** b
- **Blood Type:** g
- **Medical Condition:** a
- **Date of Admission:** 2022-06-21
- **Doctor:** DOC_22
- **Hospital:** HOSP_22
- **Insurance Provider:** a
- **Billing Amount:** 5998
- **Room Number:** 325
- **Admission Type:** c
- **Discharge Date:** 2022-04-13
- **Medication:** c
- **Test Results:** b

### Respondent 62

- **Age:** 27
- **Gender:** b
- **Blood Type:** g
- **Medical Condition:** c
- **Date of Admission:** 2024-02-22
- **Doctor:** DOC_62
- **Hospital:** HOSP_62
- **Insurance Provider:** d
- **Billing Amount:** 44437
- **Room Number:** 376
- **Admission Type:** a
- **Discharge Date:** 2024-02-04
- **Medication:** b
- **Test Results:** a



Answer: None
</example>

<questionnaire>
# Survey Data

## Questions

- **Age:** What is your age? [Open-ended]
- **Gender:** What is your gender? [MCQ: A. Female B. Male]
- **Blood Type:** What is your blood type? [MCQ: A. A+ B. A- C. AB+ D. AB- E. B+ F. B- G. O+ H. O-]
- **Medical Condition:** What is your medical condition? [MCQ: A. Arthritis B. Asthma C. Cancer D. Diabetes E. Hypertension F. Obesity]
- **Date of Admission:** What is your date of admission? [Open-ended]
- **Doctor:** What is your doctor? [Open-ended]
- **Hospital:** What is your hospital? [Open-ended]
- **Insurance Provider:** What is your insurance provider? [MCQ: A. Aetna B. Blue Cross C. Cigna D. Medicare E. UnitedHealthcare]
- **Billing Amount:** What is your billing amount? [Open-ended]
- **Room Number:** What is your room number? [Open-ended]
- **Admission Type:** What is your admission type? [MCQ: A. Elective B. Emergency C. Urgent]
- **Discharge Date:** What is your discharge date? [Open-ended]
- **Medication:** What is your medication? [MCQ: A. Aspirin B. Ibuprofen C. Lipitor D. Paracetamol E. Penicillin]
- **Test Results:** What is your test results? [MCQ: A. Abnormal B. Inconclusive C. Normal]

## Responses

### Respondent 88

- **Age:** 38
- **Gender:** a
- **Blood Type:** a
- **Medical Condition:** c
- **Date of Admission:** 2023-06-08
- **Doctor:** DOC_88
- **Hospital:** HOSP_88
- **Insurance Provider:** c
- **Billing Amount:** 39616
- **Room Number:** 442
- **Admission Type:** a
- **Discharge Date:** 2023-07-02
- **Medication:** a
- **Test Results:** a

### Respondent 72

- **Age:** 72
- **Gender:** a
- **Blood Type:** c
- **Medical Condition:** e
- **Date of Admission:** 2020-05-15
- **Doctor:** DOC_72
- **Hospital:** HOSP_72
- **Insurance Provider:** d
- **Billing Amount:** 30437
- **Room Number:** 115
- **Admission Type:** b
- **Discharge Date:** 2020-06-14
- **Medication:** d
- **Test Results:** b

### Respondent 71

- **Age:** 52
- **Gender:** b
- **Blood Type:** f
- **Medical Condition:** d
- **Date of Admission:** 2022-09-14
- **Doctor:** DOC_71
- **Hospital:** HOSP_71
- **Insurance Provider:** b
- **Billing Amount:** 31486
- **Room Number:** 212
- **Admission Type:** a
- **Discharge Date:** 2022-10-07
- **Medication:** a
- **Test Results:** c

### Respondent 143

- **Age:** 80
- **Gender:** b
- **Blood Type:** a
- **Medical Condition:** d
- **Date of Admission:** 2022-12-10
- **Doctor:** DOC_143
- **Hospital:** HOSP_143
- **Insurance Provider:** e
- **Billing Amount:** 10107
- **Room Number:** 130
- **Admission Type:** b
- **Discharge Date:** 2022-09-27
- **Medication:** a
- **Test Results:** a

### Respondent 3

- **Age:** 34
- **Gender:** b
- **Blood Type:** f
- **Medical Condition:** b
- **Date of Admission:** 2019-08-19
- **Doctor:** DOC_03
- **Hospital:** HOSP_03
- **Insurance Provider:** c
- **Billing Amount:** 48175
- **Room Number:** 377
- **Admission Type:** c
- **Discharge Date:** 2019-10-19
- **Medication:** b
- **Test Results:** b

### Respondent 133

- **Age:** 22
- **Gender:** b
- **Blood Type:** d
- **Medical Condition:** c
- **Date of Admission:** 2023-10-15
- **Doctor:** DOC_133
- **Hospital:** HOSP_133
- **Insurance Provider:** c
- **Billing Amount:** 10662
- **Room Number:** 413
- **Admission Type:** b
- **Discharge Date:** 2024-01-02
- **Medication:** d
- **Test Results:** a

### Respondent 49

- **Age:** 72
- **Gender:** b
- **Blood Type:** g
- **Medical Condition:** a
- **Date of Admission:** 2021-10-25
- **Doctor:** DOC_49
- **Hospital:** HOSP_49
- **Insurance Provider:** b
- **Billing Amount:** 25302
- **Room Number:** 130
- **Admission Type:** a
- **Discharge Date:** 2021-12-07
- **Medication:** a
- **Test Results:** c

### Respondent 22

- **Age:** 57
- **Gender:** b
- **Blood Type:** g
- **Medical Condition:** a
- **Date of Admission:** 2022-06-21
- **Doctor:** DOC_22
- **Hospital:** HOSP_22
- **Insurance Provider:** a
- **Billing Amount:** 5998
- **Room Number:** 325
- **Admission Type:** c
- **Discharge Date:** 2022-04-13
- **Medication:** c
- **Test Results:** b

### Respondent 62

- **Age:** 27
- **Gender:** b
- **Blood Type:** g
- **Medical Condition:** c
- **Date of Admission:** 2024-02-22
- **Doctor:** DOC_62
- **Hospital:** HOSP_62
- **Insurance Provider:** d
- **Billing Amount:** 44437
- **Room Number:** 376
- **Admission Type:** a
- **Discharge Date:** 2024-02-04
- **Medication:** b
- **Test Results:** a


</questionnaire>

<role>
You are a meticulous data analyst AI. Your primary function is to accurately analyze structured data and provide precise, verifiable answers.
</role>

<format>
You will be given a dataset with two key parts:

A 'questions' section: This is your data dictionary or schema. It is the single source of truth for understanding what each field and score means. Refer to it carefully.

A 'responses' section: This contains the raw data from each individual respondent.

To answer the question correctly, you must first use the 'questions' schema to fully understand the context and meaning of the data points within the 'responses'. Do not rely on any prior knowledge outside of this provided data. Base your entire analysis on the information given.
</format>

<output>
Provide your final answer directly and concisely. Output must be the human-readable value, not an option code.

Rules:
- For MCQ fields, map any letter codes in the Responses (case-insensitive) to the corresponding option text from the Questions schema, and output only that text. Do NOT include the letter or both.
  Example: If the schema is ""[MCQ: A. Abnormal B. Inconclusive C. Normal]"" and the response is ""a"", output ""Abnormal"".
- For open-ended fields, output the exact text value.
- If the question asks for a count, provide only the number (e.g., ""42"").
- If the question asks for a list of names or IDs, provide a simple comma-separated list (e.g., ""17, 21, 23"").
- Preserve capitalization exactly as in the schema (e.g., output ""Abnormal"", not ""abnormal"" or ""A"").
</output>

<task>
Find all respondents whose room number is between 180 and 376.
</task>",,False
case_21,answer_reverse_lookup,Which respondents have a test results of 'Abnormal'?,"# Survey Data

## Questions

- **Age:** What is your age? [Open-ended]
- **Gender:** What is your gender? [MCQ: A. Female B. Male]
- **Blood Type:** What is your blood type? [MCQ: A. A+ B. A- C. AB+ D. AB- E. B+ F. B- G. O+ H. O-]
- **Medical Condition:** What is your medical condition? [MCQ: A. Arthritis B. Asthma C. Cancer D. Diabetes E. Hypertension F. Obesity]
- **Date of Admission:** What is your date of admission? [Open-ended]
- **Doctor:** What is your doctor? [Open-ended]
- **Hospital:** What is your hospital? [Open-ended]
- **Insurance Provider:** What is your insurance provider? [MCQ: A. Aetna B. Blue Cross C. Cigna D. Medicare E. UnitedHealthcare]
- **Billing Amount:** What is your billing amount? [Open-ended]
- **Room Number:** What is your room number? [Open-ended]
- **Admission Type:** What is your admission type? [MCQ: A. Elective B. Emergency C. Urgent]
- **Discharge Date:** What is your discharge date? [Open-ended]
- **Medication:** What is your medication? [MCQ: A. Aspirin B. Ibuprofen C. Lipitor D. Paracetamol E. Penicillin]
- **Test Results:** What is your test results? [MCQ: A. Abnormal B. Inconclusive C. Normal]

## Responses

### Respondent 126

- **Age:** 20
- **Gender:** b
- **Blood Type:** g
- **Medical Condition:** a
- **Date of Admission:** 2021-01-03
- **Doctor:** DOC_126
- **Hospital:** HOSP_126
- **Insurance Provider:** b
- **Billing Amount:** 33682
- **Room Number:** 321
- **Admission Type:** b
- **Discharge Date:** 2020-12-08
- **Medication:** b
- **Test Results:** a

### Respondent 143

- **Age:** 80
- **Gender:** b
- **Blood Type:** a
- **Medical Condition:** d
- **Date of Admission:** 2022-12-10
- **Doctor:** DOC_143
- **Hospital:** HOSP_143
- **Insurance Provider:** e
- **Billing Amount:** 10107
- **Room Number:** 130
- **Admission Type:** b
- **Discharge Date:** 2022-09-27
- **Medication:** a
- **Test Results:** a

### Respondent 62

- **Age:** 27
- **Gender:** b
- **Blood Type:** g
- **Medical Condition:** c
- **Date of Admission:** 2024-02-22
- **Doctor:** DOC_62
- **Hospital:** HOSP_62
- **Insurance Provider:** d
- **Billing Amount:** 44437
- **Room Number:** 376
- **Admission Type:** a
- **Discharge Date:** 2024-02-04
- **Medication:** b
- **Test Results:** a

### Respondent 122

- **Age:** 73
- **Gender:** a
- **Blood Type:** h
- **Medical Condition:** d
- **Date of Admission:** 2021-12-26
- **Doctor:** DOC_122
- **Hospital:** HOSP_122
- **Insurance Provider:** c
- **Billing Amount:** 48996
- **Room Number:** 104
- **Admission Type:** b
- **Discharge Date:** 2022-05-20
- **Medication:** c
- **Test Results:** a

### Respondent 115

- **Age:** 82
- **Gender:** b
- **Blood Type:** e
- **Medical Condition:** e
- **Date of Admission:** 2021-07-30
- **Doctor:** DOC_115
- **Hospital:** HOSP_115
- **Insurance Provider:** e
- **Billing Amount:** 40693
- **Room Number:** 277
- **Admission Type:** c
- **Discharge Date:** 2021-12-09
- **Medication:** c
- **Test Results:** c

### Respondent 5

- **Age:** 54
- **Gender:** a
- **Blood Type:** c
- **Medical Condition:** c
- **Date of Admission:** 2020-05-08
- **Doctor:** DOC_05
- **Hospital:** HOSP_05
- **Insurance Provider:** e
- **Billing Amount:** 16399
- **Room Number:** 481
- **Admission Type:** b
- **Discharge Date:** 2020-03-07
- **Medication:** c
- **Test Results:** a

### Respondent 24

- **Age:** 31
- **Gender:** a
- **Blood Type:** c
- **Medical Condition:** d
- **Date of Admission:** 2020-01-21
- **Doctor:** DOC_24
- **Hospital:** HOSP_24
- **Insurance Provider:** b
- **Billing Amount:** 8521
- **Room Number:** 295
- **Admission Type:** b
- **Discharge Date:** 2020-02-10
- **Medication:** c
- **Test Results:** c

### Respondent 76

- **Age:** 70
- **Gender:** a
- **Blood Type:** b
- **Medical Condition:** e
- **Date of Admission:** 2023-09-09
- **Doctor:** DOC_76
- **Hospital:** HOSP_76
- **Insurance Provider:** e
- **Billing Amount:** 17440
- **Room Number:** 306
- **Admission Type:** b
- **Discharge Date:** 2023-12-24
- **Medication:** d
- **Test Results:** b

### Respondent 57

- **Age:** 21
- **Gender:** a
- **Blood Type:** h
- **Medical Condition:** d
- **Date of Admission:** 2020-08-23
- **Doctor:** DOC_57
- **Hospital:** HOSP_57
- **Insurance Provider:** d
- **Billing Amount:** 19785
- **Room Number:** 378
- **Admission Type:** a
- **Discharge Date:** 2020-11-15
- **Medication:** d
- **Test Results:** b

### Respondent 104

- **Age:** 60
- **Gender:** b
- **Blood Type:** b
- **Medical Condition:** f
- **Date of Admission:** 2019-11-03
- **Doctor:** DOC_104
- **Hospital:** HOSP_104
- **Insurance Provider:** c
- **Billing Amount:** 4532
- **Room Number:** 300
- **Admission Type:** a
- **Discharge Date:** 2019-11-23
- **Medication:** e
- **Test Results:** b

### Respondent 63

- **Age:** 43
- **Gender:** b
- **Blood Type:** d
- **Medical Condition:** c
- **Date of Admission:** 2023-06-28
- **Doctor:** DOC_63
- **Hospital:** HOSP_63
- **Insurance Provider:** d
- **Billing Amount:** 19973
- **Room Number:** 451
- **Admission Type:** a
- **Discharge Date:** 2023-06-10
- **Medication:** b
- **Test Results:** c

","126, 143, 62, 122, 5","<example>
List all respondents with doctor = 'DOC_107' and hospital = 'HOSP_148'.

DATA:

# Survey Data

## Questions

- **Age:** What is your age? [Open-ended]
- **Gender:** What is your gender? [MCQ: A. Female B. Male]
- **Blood Type:** What is your blood type? [MCQ: A. A+ B. A- C. AB+ D. AB- E. B+ F. B- G. O+ H. O-]
- **Medical Condition:** What is your medical condition? [MCQ: A. Arthritis B. Asthma C. Cancer D. Diabetes E. Hypertension F. Obesity]
- **Date of Admission:** What is your date of admission? [Open-ended]
- **Doctor:** What is your doctor? [Open-ended]
- **Hospital:** What is your hospital? [Open-ended]
- **Insurance Provider:** What is your insurance provider? [MCQ: A. Aetna B. Blue Cross C. Cigna D. Medicare E. UnitedHealthcare]
- **Billing Amount:** What is your billing amount? [Open-ended]
- **Room Number:** What is your room number? [Open-ended]
- **Admission Type:** What is your admission type? [MCQ: A. Elective B. Emergency C. Urgent]
- **Discharge Date:** What is your discharge date? [Open-ended]
- **Medication:** What is your medication? [MCQ: A. Aspirin B. Ibuprofen C. Lipitor D. Paracetamol E. Penicillin]
- **Test Results:** What is your test results? [MCQ: A. Abnormal B. Inconclusive C. Normal]

## Responses

### Respondent 126

- **Age:** 20
- **Gender:** b
- **Blood Type:** g
- **Medical Condition:** a
- **Date of Admission:** 2021-01-03
- **Doctor:** DOC_126
- **Hospital:** HOSP_126
- **Insurance Provider:** b
- **Billing Amount:** 33682
- **Room Number:** 321
- **Admission Type:** b
- **Discharge Date:** 2020-12-08
- **Medication:** b
- **Test Results:** a

### Respondent 143

- **Age:** 80
- **Gender:** b
- **Blood Type:** a
- **Medical Condition:** d
- **Date of Admission:** 2022-12-10
- **Doctor:** DOC_143
- **Hospital:** HOSP_143
- **Insurance Provider:** e
- **Billing Amount:** 10107
- **Room Number:** 130
- **Admission Type:** b
- **Discharge Date:** 2022-09-27
- **Medication:** a
- **Test Results:** a

### Respondent 62

- **Age:** 27
- **Gender:** b
- **Blood Type:** g
- **Medical Condition:** c
- **Date of Admission:** 2024-02-22
- **Doctor:** DOC_62
- **Hospital:** HOSP_62
- **Insurance Provider:** d
- **Billing Amount:** 44437
- **Room Number:** 376
- **Admission Type:** a
- **Discharge Date:** 2024-02-04
- **Medication:** b
- **Test Results:** a

### Respondent 122

- **Age:** 73
- **Gender:** a
- **Blood Type:** h
- **Medical Condition:** d
- **Date of Admission:** 2021-12-26
- **Doctor:** DOC_122
- **Hospital:** HOSP_122
- **Insurance Provider:** c
- **Billing Amount:** 48996
- **Room Number:** 104
- **Admission Type:** b
- **Discharge Date:** 2022-05-20
- **Medication:** c
- **Test Results:** a

### Respondent 115

- **Age:** 82
- **Gender:** b
- **Blood Type:** e
- **Medical Condition:** e
- **Date of Admission:** 2021-07-30
- **Doctor:** DOC_115
- **Hospital:** HOSP_115
- **Insurance Provider:** e
- **Billing Amount:** 40693
- **Room Number:** 277
- **Admission Type:** c
- **Discharge Date:** 2021-12-09
- **Medication:** c
- **Test Results:** c

### Respondent 5

- **Age:** 54
- **Gender:** a
- **Blood Type:** c
- **Medical Condition:** c
- **Date of Admission:** 2020-05-08
- **Doctor:** DOC_05
- **Hospital:** HOSP_05
- **Insurance Provider:** e
- **Billing Amount:** 16399
- **Room Number:** 481
- **Admission Type:** b
- **Discharge Date:** 2020-03-07
- **Medication:** c
- **Test Results:** a

### Respondent 24

- **Age:** 31
- **Gender:** a
- **Blood Type:** c
- **Medical Condition:** d
- **Date of Admission:** 2020-01-21
- **Doctor:** DOC_24
- **Hospital:** HOSP_24
- **Insurance Provider:** b
- **Billing Amount:** 8521
- **Room Number:** 295
- **Admission Type:** b
- **Discharge Date:** 2020-02-10
- **Medication:** c
- **Test Results:** c

### Respondent 76

- **Age:** 70
- **Gender:** a
- **Blood Type:** b
- **Medical Condition:** e
- **Date of Admission:** 2023-09-09
- **Doctor:** DOC_76
- **Hospital:** HOSP_76
- **Insurance Provider:** e
- **Billing Amount:** 17440
- **Room Number:** 306
- **Admission Type:** b
- **Discharge Date:** 2023-12-24
- **Medication:** d
- **Test Results:** b

### Respondent 57

- **Age:** 21
- **Gender:** a
- **Blood Type:** h
- **Medical Condition:** d
- **Date of Admission:** 2020-08-23
- **Doctor:** DOC_57
- **Hospital:** HOSP_57
- **Insurance Provider:** d
- **Billing Amount:** 19785
- **Room Number:** 378
- **Admission Type:** a
- **Discharge Date:** 2020-11-15
- **Medication:** d
- **Test Results:** b

### Respondent 104

- **Age:** 60
- **Gender:** b
- **Blood Type:** b
- **Medical Condition:** f
- **Date of Admission:** 2019-11-03
- **Doctor:** DOC_104
- **Hospital:** HOSP_104
- **Insurance Provider:** c
- **Billing Amount:** 4532
- **Room Number:** 300
- **Admission Type:** a
- **Discharge Date:** 2019-11-23
- **Medication:** e
- **Test Results:** b

### Respondent 63

- **Age:** 43
- **Gender:** b
- **Blood Type:** d
- **Medical Condition:** c
- **Date of Admission:** 2023-06-28
- **Doctor:** DOC_63
- **Hospital:** HOSP_63
- **Insurance Provider:** d
- **Billing Amount:** 19973
- **Room Number:** 451
- **Admission Type:** a
- **Discharge Date:** 2023-06-10
- **Medication:** b
- **Test Results:** c



Answer: None
</example>

<questionnaire>
# Survey Data

## Questions

- **Age:** What is your age? [Open-ended]
- **Gender:** What is your gender? [MCQ: A. Female B. Male]
- **Blood Type:** What is your blood type? [MCQ: A. A+ B. A- C. AB+ D. AB- E. B+ F. B- G. O+ H. O-]
- **Medical Condition:** What is your medical condition? [MCQ: A. Arthritis B. Asthma C. Cancer D. Diabetes E. Hypertension F. Obesity]
- **Date of Admission:** What is your date of admission? [Open-ended]
- **Doctor:** What is your doctor? [Open-ended]
- **Hospital:** What is your hospital? [Open-ended]
- **Insurance Provider:** What is your insurance provider? [MCQ: A. Aetna B. Blue Cross C. Cigna D. Medicare E. UnitedHealthcare]
- **Billing Amount:** What is your billing amount? [Open-ended]
- **Room Number:** What is your room number? [Open-ended]
- **Admission Type:** What is your admission type? [MCQ: A. Elective B. Emergency C. Urgent]
- **Discharge Date:** What is your discharge date? [Open-ended]
- **Medication:** What is your medication? [MCQ: A. Aspirin B. Ibuprofen C. Lipitor D. Paracetamol E. Penicillin]
- **Test Results:** What is your test results? [MCQ: A. Abnormal B. Inconclusive C. Normal]

## Responses

### Respondent 126

- **Age:** 20
- **Gender:** b
- **Blood Type:** g
- **Medical Condition:** a
- **Date of Admission:** 2021-01-03
- **Doctor:** DOC_126
- **Hospital:** HOSP_126
- **Insurance Provider:** b
- **Billing Amount:** 33682
- **Room Number:** 321
- **Admission Type:** b
- **Discharge Date:** 2020-12-08
- **Medication:** b
- **Test Results:** a

### Respondent 143

- **Age:** 80
- **Gender:** b
- **Blood Type:** a
- **Medical Condition:** d
- **Date of Admission:** 2022-12-10
- **Doctor:** DOC_143
- **Hospital:** HOSP_143
- **Insurance Provider:** e
- **Billing Amount:** 10107
- **Room Number:** 130
- **Admission Type:** b
- **Discharge Date:** 2022-09-27
- **Medication:** a
- **Test Results:** a

### Respondent 62

- **Age:** 27
- **Gender:** b
- **Blood Type:** g
- **Medical Condition:** c
- **Date of Admission:** 2024-02-22
- **Doctor:** DOC_62
- **Hospital:** HOSP_62
- **Insurance Provider:** d
- **Billing Amount:** 44437
- **Room Number:** 376
- **Admission Type:** a
- **Discharge Date:** 2024-02-04
- **Medication:** b
- **Test Results:** a

### Respondent 122

- **Age:** 73
- **Gender:** a
- **Blood Type:** h
- **Medical Condition:** d
- **Date of Admission:** 2021-12-26
- **Doctor:** DOC_122
- **Hospital:** HOSP_122
- **Insurance Provider:** c
- **Billing Amount:** 48996
- **Room Number:** 104
- **Admission Type:** b
- **Discharge Date:** 2022-05-20
- **Medication:** c
- **Test Results:** a

### Respondent 115

- **Age:** 82
- **Gender:** b
- **Blood Type:** e
- **Medical Condition:** e
- **Date of Admission:** 2021-07-30
- **Doctor:** DOC_115
- **Hospital:** HOSP_115
- **Insurance Provider:** e
- **Billing Amount:** 40693
- **Room Number:** 277
- **Admission Type:** c
- **Discharge Date:** 2021-12-09
- **Medication:** c
- **Test Results:** c

### Respondent 5

- **Age:** 54
- **Gender:** a
- **Blood Type:** c
- **Medical Condition:** c
- **Date of Admission:** 2020-05-08
- **Doctor:** DOC_05
- **Hospital:** HOSP_05
- **Insurance Provider:** e
- **Billing Amount:** 16399
- **Room Number:** 481
- **Admission Type:** b
- **Discharge Date:** 2020-03-07
- **Medication:** c
- **Test Results:** a

### Respondent 24

- **Age:** 31
- **Gender:** a
- **Blood Type:** c
- **Medical Condition:** d
- **Date of Admission:** 2020-01-21
- **Doctor:** DOC_24
- **Hospital:** HOSP_24
- **Insurance Provider:** b
- **Billing Amount:** 8521
- **Room Number:** 295
- **Admission Type:** b
- **Discharge Date:** 2020-02-10
- **Medication:** c
- **Test Results:** c

### Respondent 76

- **Age:** 70
- **Gender:** a
- **Blood Type:** b
- **Medical Condition:** e
- **Date of Admission:** 2023-09-09
- **Doctor:** DOC_76
- **Hospital:** HOSP_76
- **Insurance Provider:** e
- **Billing Amount:** 17440
- **Room Number:** 306
- **Admission Type:** b
- **Discharge Date:** 2023-12-24
- **Medication:** d
- **Test Results:** b

### Respondent 57

- **Age:** 21
- **Gender:** a
- **Blood Type:** h
- **Medical Condition:** d
- **Date of Admission:** 2020-08-23
- **Doctor:** DOC_57
- **Hospital:** HOSP_57
- **Insurance Provider:** d
- **Billing Amount:** 19785
- **Room Number:** 378
- **Admission Type:** a
- **Discharge Date:** 2020-11-15
- **Medication:** d
- **Test Results:** b

### Respondent 104

- **Age:** 60
- **Gender:** b
- **Blood Type:** b
- **Medical Condition:** f
- **Date of Admission:** 2019-11-03
- **Doctor:** DOC_104
- **Hospital:** HOSP_104
- **Insurance Provider:** c
- **Billing Amount:** 4532
- **Room Number:** 300
- **Admission Type:** a
- **Discharge Date:** 2019-11-23
- **Medication:** e
- **Test Results:** b

### Respondent 63

- **Age:** 43
- **Gender:** b
- **Blood Type:** d
- **Medical Condition:** c
- **Date of Admission:** 2023-06-28
- **Doctor:** DOC_63
- **Hospital:** HOSP_63
- **Insurance Provider:** d
- **Billing Amount:** 19973
- **Room Number:** 451
- **Admission Type:** a
- **Discharge Date:** 2023-06-10
- **Medication:** b
- **Test Results:** c


</questionnaire>

<role>
You are a meticulous data analyst AI. Your primary function is to accurately analyze structured data and provide precise, verifiable answers.
</role>

<format>
You will be given a dataset with two key parts:

A 'questions' section: This is your data dictionary or schema. It is the single source of truth for understanding what each field and score means. Refer to it carefully.

A 'responses' section: This contains the raw data from each individual respondent.

To answer the question correctly, you must first use the 'questions' schema to fully understand the context and meaning of the data points within the 'responses'. Do not rely on any prior knowledge outside of this provided data. Base your entire analysis on the information given.
</format>

<output>
Provide your final answer directly and concisely. Output must be the human-readable value, not an option code.

Rules:
- For MCQ fields, map any letter codes in the Responses (case-insensitive) to the corresponding option text from the Questions schema, and output only that text. Do NOT include the letter or both.
  Example: If the schema is ""[MCQ: A. Abnormal B. Inconclusive C. Normal]"" and the response is ""a"", output ""Abnormal"".
- For open-ended fields, output the exact text value.
- If the question asks for a count, provide only the number (e.g., ""42"").
- If the question asks for a list of names or IDs, provide a simple comma-separated list (e.g., ""17, 21, 23"").
- Preserve capitalization exactly as in the schema (e.g., output ""Abnormal"", not ""abnormal"" or ""A"").
</output>

<task>
Which respondents have a test results of 'Abnormal'?
</task>",,False
case_22,answer_reverse_lookup,List all respondents with blood type = 'O-' and hospital = 'HOSP_95'.,"# Survey Data

## Questions

- **Age:** What is your age? [Open-ended]
- **Gender:** What is your gender? [MCQ: A. Female B. Male]
- **Blood Type:** What is your blood type? [MCQ: A. A+ B. A- C. AB+ D. AB- E. B+ F. B- G. O+ H. O-]
- **Medical Condition:** What is your medical condition? [MCQ: A. Arthritis B. Asthma C. Cancer D. Diabetes E. Hypertension F. Obesity]
- **Date of Admission:** What is your date of admission? [Open-ended]
- **Doctor:** What is your doctor? [Open-ended]
- **Hospital:** What is your hospital? [Open-ended]
- **Insurance Provider:** What is your insurance provider? [MCQ: A. Aetna B. Blue Cross C. Cigna D. Medicare E. UnitedHealthcare]
- **Billing Amount:** What is your billing amount? [Open-ended]
- **Room Number:** What is your room number? [Open-ended]
- **Admission Type:** What is your admission type? [MCQ: A. Elective B. Emergency C. Urgent]
- **Discharge Date:** What is your discharge date? [Open-ended]
- **Medication:** What is your medication? [MCQ: A. Aspirin B. Ibuprofen C. Lipitor D. Paracetamol E. Penicillin]
- **Test Results:** What is your test results? [MCQ: A. Abnormal B. Inconclusive C. Normal]

## Responses

### Respondent 149

- **Age:** 63
- **Gender:** b
- **Blood Type:** a
- **Medical Condition:** f
- **Date of Admission:** 2019-10-14
- **Doctor:** DOC_149
- **Hospital:** HOSP_149
- **Insurance Provider:** d
- **Billing Amount:** 33211
- **Room Number:** 263
- **Admission Type:** b
- **Discharge Date:** 2019-10-16
- **Medication:** b
- **Test Results:** c

### Respondent 95

- **Age:** 75
- **Gender:** a
- **Blood Type:** b
- **Medical Condition:** e
- **Date of Admission:** 2019-08-20
- **Doctor:** DOC_95
- **Hospital:** HOSP_95
- **Insurance Provider:** a
- **Billing Amount:** 26062
- **Room Number:** 138
- **Admission Type:** a
- **Discharge Date:** 2019-06-04
- **Medication:** c
- **Test Results:** a

### Respondent 122

- **Age:** 73
- **Gender:** a
- **Blood Type:** h
- **Medical Condition:** d
- **Date of Admission:** 2021-12-26
- **Doctor:** DOC_122
- **Hospital:** HOSP_122
- **Insurance Provider:** c
- **Billing Amount:** 48996
- **Room Number:** 104
- **Admission Type:** b
- **Discharge Date:** 2022-05-20
- **Medication:** c
- **Test Results:** a

### Respondent 142

- **Age:** 37
- **Gender:** a
- **Blood Type:** g
- **Medical Condition:** b
- **Date of Admission:** 2019-11-06
- **Doctor:** DOC_142
- **Hospital:** HOSP_142
- **Insurance Provider:** a
- **Billing Amount:** 9586
- **Room Number:** 482
- **Admission Type:** a
- **Discharge Date:** 2020-02-09
- **Medication:** e
- **Test Results:** a

### Respondent 136

- **Age:** 22
- **Gender:** b
- **Blood Type:** a
- **Medical Condition:** d
- **Date of Admission:** 2023-06-25
- **Doctor:** DOC_136
- **Hospital:** HOSP_136
- **Insurance Provider:** e
- **Billing Amount:** 4398
- **Room Number:** 456
- **Admission Type:** c
- **Discharge Date:** 2023-07-05
- **Medication:** b
- **Test Results:** a

### Respondent 89

- **Age:** 18
- **Gender:** b
- **Blood Type:** f
- **Medical Condition:** f
- **Date of Admission:** 2022-10-18
- **Doctor:** DOC_89
- **Hospital:** HOSP_89
- **Insurance Provider:** d
- **Billing Amount:** 32629
- **Room Number:** 424
- **Admission Type:** b
- **Discharge Date:** 2022-11-11
- **Medication:** b
- **Test Results:** c

### Respondent 109

- **Age:** 55
- **Gender:** b
- **Blood Type:** d
- **Medical Condition:** b
- **Date of Admission:** 2022-05-13
- **Doctor:** DOC_109
- **Hospital:** HOSP_109
- **Insurance Provider:** a
- **Billing Amount:** 35522
- **Room Number:** 213
- **Admission Type:** a
- **Discharge Date:** 2022-06-10
- **Medication:** d
- **Test Results:** c

### Respondent 141

- **Age:** 26
- **Gender:** a
- **Blood Type:** c
- **Medical Condition:** b
- **Date of Admission:** 2020-10-26
- **Doctor:** DOC_141
- **Hospital:** HOSP_141
- **Insurance Provider:** d
- **Billing Amount:** 46378
- **Room Number:** 226
- **Admission Type:** a
- **Discharge Date:** 2021-02-04
- **Medication:** c
- **Test Results:** a

### Respondent 85

- **Age:** 67
- **Gender:** b
- **Blood Type:** g
- **Medical Condition:** c
- **Date of Admission:** 2022-10-29
- **Doctor:** DOC_85
- **Hospital:** HOSP_85
- **Insurance Provider:** d
- **Billing Amount:** 44940
- **Room Number:** 293
- **Admission Type:** b
- **Discharge Date:** 2022-11-20
- **Medication:** e
- **Test Results:** c

",None,"<example>
List all respondents with doctor = 'DOC_107' and hospital = 'HOSP_148'.

DATA:

# Survey Data

## Questions

- **Age:** What is your age? [Open-ended]
- **Gender:** What is your gender? [MCQ: A. Female B. Male]
- **Blood Type:** What is your blood type? [MCQ: A. A+ B. A- C. AB+ D. AB- E. B+ F. B- G. O+ H. O-]
- **Medical Condition:** What is your medical condition? [MCQ: A. Arthritis B. Asthma C. Cancer D. Diabetes E. Hypertension F. Obesity]
- **Date of Admission:** What is your date of admission? [Open-ended]
- **Doctor:** What is your doctor? [Open-ended]
- **Hospital:** What is your hospital? [Open-ended]
- **Insurance Provider:** What is your insurance provider? [MCQ: A. Aetna B. Blue Cross C. Cigna D. Medicare E. UnitedHealthcare]
- **Billing Amount:** What is your billing amount? [Open-ended]
- **Room Number:** What is your room number? [Open-ended]
- **Admission Type:** What is your admission type? [MCQ: A. Elective B. Emergency C. Urgent]
- **Discharge Date:** What is your discharge date? [Open-ended]
- **Medication:** What is your medication? [MCQ: A. Aspirin B. Ibuprofen C. Lipitor D. Paracetamol E. Penicillin]
- **Test Results:** What is your test results? [MCQ: A. Abnormal B. Inconclusive C. Normal]

## Responses

### Respondent 149

- **Age:** 63
- **Gender:** b
- **Blood Type:** a
- **Medical Condition:** f
- **Date of Admission:** 2019-10-14
- **Doctor:** DOC_149
- **Hospital:** HOSP_149
- **Insurance Provider:** d
- **Billing Amount:** 33211
- **Room Number:** 263
- **Admission Type:** b
- **Discharge Date:** 2019-10-16
- **Medication:** b
- **Test Results:** c

### Respondent 95

- **Age:** 75
- **Gender:** a
- **Blood Type:** b
- **Medical Condition:** e
- **Date of Admission:** 2019-08-20
- **Doctor:** DOC_95
- **Hospital:** HOSP_95
- **Insurance Provider:** a
- **Billing Amount:** 26062
- **Room Number:** 138
- **Admission Type:** a
- **Discharge Date:** 2019-06-04
- **Medication:** c
- **Test Results:** a

### Respondent 122

- **Age:** 73
- **Gender:** a
- **Blood Type:** h
- **Medical Condition:** d
- **Date of Admission:** 2021-12-26
- **Doctor:** DOC_122
- **Hospital:** HOSP_122
- **Insurance Provider:** c
- **Billing Amount:** 48996
- **Room Number:** 104
- **Admission Type:** b
- **Discharge Date:** 2022-05-20
- **Medication:** c
- **Test Results:** a

### Respondent 142

- **Age:** 37
- **Gender:** a
- **Blood Type:** g
- **Medical Condition:** b
- **Date of Admission:** 2019-11-06
- **Doctor:** DOC_142
- **Hospital:** HOSP_142
- **Insurance Provider:** a
- **Billing Amount:** 9586
- **Room Number:** 482
- **Admission Type:** a
- **Discharge Date:** 2020-02-09
- **Medication:** e
- **Test Results:** a

### Respondent 136

- **Age:** 22
- **Gender:** b
- **Blood Type:** a
- **Medical Condition:** d
- **Date of Admission:** 2023-06-25
- **Doctor:** DOC_136
- **Hospital:** HOSP_136
- **Insurance Provider:** e
- **Billing Amount:** 4398
- **Room Number:** 456
- **Admission Type:** c
- **Discharge Date:** 2023-07-05
- **Medication:** b
- **Test Results:** a

### Respondent 89

- **Age:** 18
- **Gender:** b
- **Blood Type:** f
- **Medical Condition:** f
- **Date of Admission:** 2022-10-18
- **Doctor:** DOC_89
- **Hospital:** HOSP_89
- **Insurance Provider:** d
- **Billing Amount:** 32629
- **Room Number:** 424
- **Admission Type:** b
- **Discharge Date:** 2022-11-11
- **Medication:** b
- **Test Results:** c

### Respondent 109

- **Age:** 55
- **Gender:** b
- **Blood Type:** d
- **Medical Condition:** b
- **Date of Admission:** 2022-05-13
- **Doctor:** DOC_109
- **Hospital:** HOSP_109
- **Insurance Provider:** a
- **Billing Amount:** 35522
- **Room Number:** 213
- **Admission Type:** a
- **Discharge Date:** 2022-06-10
- **Medication:** d
- **Test Results:** c

### Respondent 141

- **Age:** 26
- **Gender:** a
- **Blood Type:** c
- **Medical Condition:** b
- **Date of Admission:** 2020-10-26
- **Doctor:** DOC_141
- **Hospital:** HOSP_141
- **Insurance Provider:** d
- **Billing Amount:** 46378
- **Room Number:** 226
- **Admission Type:** a
- **Discharge Date:** 2021-02-04
- **Medication:** c
- **Test Results:** a

### Respondent 85

- **Age:** 67
- **Gender:** b
- **Blood Type:** g
- **Medical Condition:** c
- **Date of Admission:** 2022-10-29
- **Doctor:** DOC_85
- **Hospital:** HOSP_85
- **Insurance Provider:** d
- **Billing Amount:** 44940
- **Room Number:** 293
- **Admission Type:** b
- **Discharge Date:** 2022-11-20
- **Medication:** e
- **Test Results:** c



Answer: None
</example>

<questionnaire>
# Survey Data

## Questions

- **Age:** What is your age? [Open-ended]
- **Gender:** What is your gender? [MCQ: A. Female B. Male]
- **Blood Type:** What is your blood type? [MCQ: A. A+ B. A- C. AB+ D. AB- E. B+ F. B- G. O+ H. O-]
- **Medical Condition:** What is your medical condition? [MCQ: A. Arthritis B. Asthma C. Cancer D. Diabetes E. Hypertension F. Obesity]
- **Date of Admission:** What is your date of admission? [Open-ended]
- **Doctor:** What is your doctor? [Open-ended]
- **Hospital:** What is your hospital? [Open-ended]
- **Insurance Provider:** What is your insurance provider? [MCQ: A. Aetna B. Blue Cross C. Cigna D. Medicare E. UnitedHealthcare]
- **Billing Amount:** What is your billing amount? [Open-ended]
- **Room Number:** What is your room number? [Open-ended]
- **Admission Type:** What is your admission type? [MCQ: A. Elective B. Emergency C. Urgent]
- **Discharge Date:** What is your discharge date? [Open-ended]
- **Medication:** What is your medication? [MCQ: A. Aspirin B. Ibuprofen C. Lipitor D. Paracetamol E. Penicillin]
- **Test Results:** What is your test results? [MCQ: A. Abnormal B. Inconclusive C. Normal]

## Responses

### Respondent 149

- **Age:** 63
- **Gender:** b
- **Blood Type:** a
- **Medical Condition:** f
- **Date of Admission:** 2019-10-14
- **Doctor:** DOC_149
- **Hospital:** HOSP_149
- **Insurance Provider:** d
- **Billing Amount:** 33211
- **Room Number:** 263
- **Admission Type:** b
- **Discharge Date:** 2019-10-16
- **Medication:** b
- **Test Results:** c

### Respondent 95

- **Age:** 75
- **Gender:** a
- **Blood Type:** b
- **Medical Condition:** e
- **Date of Admission:** 2019-08-20
- **Doctor:** DOC_95
- **Hospital:** HOSP_95
- **Insurance Provider:** a
- **Billing Amount:** 26062
- **Room Number:** 138
- **Admission Type:** a
- **Discharge Date:** 2019-06-04
- **Medication:** c
- **Test Results:** a

### Respondent 122

- **Age:** 73
- **Gender:** a
- **Blood Type:** h
- **Medical Condition:** d
- **Date of Admission:** 2021-12-26
- **Doctor:** DOC_122
- **Hospital:** HOSP_122
- **Insurance Provider:** c
- **Billing Amount:** 48996
- **Room Number:** 104
- **Admission Type:** b
- **Discharge Date:** 2022-05-20
- **Medication:** c
- **Test Results:** a

### Respondent 142

- **Age:** 37
- **Gender:** a
- **Blood Type:** g
- **Medical Condition:** b
- **Date of Admission:** 2019-11-06
- **Doctor:** DOC_142
- **Hospital:** HOSP_142
- **Insurance Provider:** a
- **Billing Amount:** 9586
- **Room Number:** 482
- **Admission Type:** a
- **Discharge Date:** 2020-02-09
- **Medication:** e
- **Test Results:** a

### Respondent 136

- **Age:** 22
- **Gender:** b
- **Blood Type:** a
- **Medical Condition:** d
- **Date of Admission:** 2023-06-25
- **Doctor:** DOC_136
- **Hospital:** HOSP_136
- **Insurance Provider:** e
- **Billing Amount:** 4398
- **Room Number:** 456
- **Admission Type:** c
- **Discharge Date:** 2023-07-05
- **Medication:** b
- **Test Results:** a

### Respondent 89

- **Age:** 18
- **Gender:** b
- **Blood Type:** f
- **Medical Condition:** f
- **Date of Admission:** 2022-10-18
- **Doctor:** DOC_89
- **Hospital:** HOSP_89
- **Insurance Provider:** d
- **Billing Amount:** 32629
- **Room Number:** 424
- **Admission Type:** b
- **Discharge Date:** 2022-11-11
- **Medication:** b
- **Test Results:** c

### Respondent 109

- **Age:** 55
- **Gender:** b
- **Blood Type:** d
- **Medical Condition:** b
- **Date of Admission:** 2022-05-13
- **Doctor:** DOC_109
- **Hospital:** HOSP_109
- **Insurance Provider:** a
- **Billing Amount:** 35522
- **Room Number:** 213
- **Admission Type:** a
- **Discharge Date:** 2022-06-10
- **Medication:** d
- **Test Results:** c

### Respondent 141

- **Age:** 26
- **Gender:** a
- **Blood Type:** c
- **Medical Condition:** b
- **Date of Admission:** 2020-10-26
- **Doctor:** DOC_141
- **Hospital:** HOSP_141
- **Insurance Provider:** d
- **Billing Amount:** 46378
- **Room Number:** 226
- **Admission Type:** a
- **Discharge Date:** 2021-02-04
- **Medication:** c
- **Test Results:** a

### Respondent 85

- **Age:** 67
- **Gender:** b
- **Blood Type:** g
- **Medical Condition:** c
- **Date of Admission:** 2022-10-29
- **Doctor:** DOC_85
- **Hospital:** HOSP_85
- **Insurance Provider:** d
- **Billing Amount:** 44940
- **Room Number:** 293
- **Admission Type:** b
- **Discharge Date:** 2022-11-20
- **Medication:** e
- **Test Results:** c


</questionnaire>

<role>
You are a meticulous data analyst AI. Your primary function is to accurately analyze structured data and provide precise, verifiable answers.
</role>

<format>
You will be given a dataset with two key parts:

A 'questions' section: This is your data dictionary or schema. It is the single source of truth for understanding what each field and score means. Refer to it carefully.

A 'responses' section: This contains the raw data from each individual respondent.

To answer the question correctly, you must first use the 'questions' schema to fully understand the context and meaning of the data points within the 'responses'. Do not rely on any prior knowledge outside of this provided data. Base your entire analysis on the information given.
</format>

<output>
Provide your final answer directly and concisely. Output must be the human-readable value, not an option code.

Rules:
- For MCQ fields, map any letter codes in the Responses (case-insensitive) to the corresponding option text from the Questions schema, and output only that text. Do NOT include the letter or both.
  Example: If the schema is ""[MCQ: A. Abnormal B. Inconclusive C. Normal]"" and the response is ""a"", output ""Abnormal"".
- For open-ended fields, output the exact text value.
- If the question asks for a count, provide only the number (e.g., ""42"").
- If the question asks for a list of names or IDs, provide a simple comma-separated list (e.g., ""17, 21, 23"").
- Preserve capitalization exactly as in the schema (e.g., output ""Abnormal"", not ""abnormal"" or ""A"").
</output>

<task>
List all respondents with blood type = 'O-' and hospital = 'HOSP_95'.
</task>",,False
case_23,answer_reverse_lookup,Find all respondents whose room number is between 205 and 421.,"# Survey Data

## Questions

- **Age:** What is your age? [Open-ended]
- **Gender:** What is your gender? [MCQ: A. Female B. Male]
- **Blood Type:** What is your blood type? [MCQ: A. A+ B. A- C. AB+ D. AB- E. B+ F. B- G. O+ H. O-]
- **Medical Condition:** What is your medical condition? [MCQ: A. Arthritis B. Asthma C. Cancer D. Diabetes E. Hypertension F. Obesity]
- **Date of Admission:** What is your date of admission? [Open-ended]
- **Doctor:** What is your doctor? [Open-ended]
- **Hospital:** What is your hospital? [Open-ended]
- **Insurance Provider:** What is your insurance provider? [MCQ: A. Aetna B. Blue Cross C. Cigna D. Medicare E. UnitedHealthcare]
- **Billing Amount:** What is your billing amount? [Open-ended]
- **Room Number:** What is your room number? [Open-ended]
- **Admission Type:** What is your admission type? [MCQ: A. Elective B. Emergency C. Urgent]
- **Discharge Date:** What is your discharge date? [Open-ended]
- **Medication:** What is your medication? [MCQ: A. Aspirin B. Ibuprofen C. Lipitor D. Paracetamol E. Penicillin]
- **Test Results:** What is your test results? [MCQ: A. Abnormal B. Inconclusive C. Normal]

## Responses

### Respondent 117

- **Age:** 58
- **Gender:** a
- **Blood Type:** d
- **Medical Condition:** c
- **Date of Admission:** 2021-01-17
- **Doctor:** DOC_117
- **Hospital:** HOSP_117
- **Insurance Provider:** e
- **Billing Amount:** 20228
- **Room Number:** 249
- **Admission Type:** a
- **Discharge Date:** 2021-07-31
- **Medication:** d
- **Test Results:** b

### Respondent 70

- **Age:** 49
- **Gender:** b
- **Blood Type:** b
- **Medical Condition:** d
- **Date of Admission:** 2019-07-09
- **Doctor:** DOC_70
- **Hospital:** HOSP_70
- **Insurance Provider:** d
- **Billing Amount:** 32643
- **Room Number:** 424
- **Admission Type:** a
- **Discharge Date:** 2019-09-01
- **Medication:** e
- **Test Results:** b

### Respondent 79

- **Age:** 43
- **Gender:** a
- **Blood Type:** d
- **Medical Condition:** b
- **Date of Admission:** 2021-01-07
- **Doctor:** DOC_79
- **Hospital:** HOSP_79
- **Insurance Provider:** a
- **Billing Amount:** 7187
- **Room Number:** 300
- **Admission Type:** c
- **Discharge Date:** 2020-12-18
- **Medication:** b
- **Test Results:** c

### Respondent 65

- **Age:** 33
- **Gender:** a
- **Blood Type:** g
- **Medical Condition:** e
- **Date of Admission:** 2021-12-28
- **Doctor:** DOC_65
- **Hospital:** HOSP_65
- **Insurance Provider:** c
- **Billing Amount:** 29851
- **Room Number:** 211
- **Admission Type:** a
- **Discharge Date:** 2021-12-09
- **Medication:** d
- **Test Results:** c

### Respondent 60

- **Age:** 26
- **Gender:** b
- **Blood Type:** e
- **Medical Condition:** b
- **Date of Admission:** 2024-03-24
- **Doctor:** DOC_60
- **Hospital:** HOSP_60
- **Insurance Provider:** e
- **Billing Amount:** 37735
- **Room Number:** 494
- **Admission Type:** b
- **Discharge Date:** 2024-04-14
- **Medication:** e
- **Test Results:** c

### Respondent 31

- **Age:** 33
- **Gender:** b
- **Blood Type:** h
- **Medical Condition:** a
- **Date of Admission:** 2022-04-02
- **Doctor:** DOC_31
- **Hospital:** HOSP_31
- **Insurance Provider:** d
- **Billing Amount:** 6734
- **Room Number:** 134
- **Admission Type:** c
- **Discharge Date:** 2022-01-07
- **Medication:** a
- **Test Results:** a

### Respondent 50

- **Age:** 79
- **Gender:** b
- **Blood Type:** a
- **Medical Condition:** d
- **Date of Admission:** 2021-05-23
- **Doctor:** DOC_50
- **Hospital:** HOSP_50
- **Insurance Provider:** a
- **Billing Amount:** 5517
- **Room Number:** 440
- **Admission Type:** a
- **Discharge Date:** 2021-05-10
- **Medication:** c
- **Test Results:** b

### Respondent 81

- **Age:** 42
- **Gender:** a
- **Blood Type:** h
- **Medical Condition:** c
- **Date of Admission:** 2019-06-02
- **Doctor:** DOC_81
- **Hospital:** HOSP_81
- **Insurance Provider:** a
- **Billing Amount:** 14681
- **Room Number:** 234
- **Admission Type:** b
- **Discharge Date:** 2019-07-29
- **Medication:** b
- **Test Results:** a

### Respondent 138

- **Age:** 58
- **Gender:** a
- **Blood Type:** d
- **Medical Condition:** a
- **Date of Admission:** 2023-07-24
- **Doctor:** DOC_138
- **Hospital:** HOSP_138
- **Insurance Provider:** a
- **Billing Amount:** 7556
- **Room Number:** 133
- **Admission Type:** a
- **Discharge Date:** 2023-09-05
- **Medication:** d
- **Test Results:** a

### Respondent 48

- **Age:** 53
- **Gender:** b
- **Blood Type:** d
- **Medical Condition:** e
- **Date of Admission:** 2021-05-14
- **Doctor:** DOC_48
- **Hospital:** HOSP_48
- **Insurance Provider:** c
- **Billing Amount:** 35777
- **Room Number:** 263
- **Admission Type:** a
- **Discharge Date:** 2021-07-01
- **Medication:** e
- **Test Results:** a

","117, 79, 65, 81, 48","<example>
List all respondents with doctor = 'DOC_107' and hospital = 'HOSP_148'.

DATA:

# Survey Data

## Questions

- **Age:** What is your age? [Open-ended]
- **Gender:** What is your gender? [MCQ: A. Female B. Male]
- **Blood Type:** What is your blood type? [MCQ: A. A+ B. A- C. AB+ D. AB- E. B+ F. B- G. O+ H. O-]
- **Medical Condition:** What is your medical condition? [MCQ: A. Arthritis B. Asthma C. Cancer D. Diabetes E. Hypertension F. Obesity]
- **Date of Admission:** What is your date of admission? [Open-ended]
- **Doctor:** What is your doctor? [Open-ended]
- **Hospital:** What is your hospital? [Open-ended]
- **Insurance Provider:** What is your insurance provider? [MCQ: A. Aetna B. Blue Cross C. Cigna D. Medicare E. UnitedHealthcare]
- **Billing Amount:** What is your billing amount? [Open-ended]
- **Room Number:** What is your room number? [Open-ended]
- **Admission Type:** What is your admission type? [MCQ: A. Elective B. Emergency C. Urgent]
- **Discharge Date:** What is your discharge date? [Open-ended]
- **Medication:** What is your medication? [MCQ: A. Aspirin B. Ibuprofen C. Lipitor D. Paracetamol E. Penicillin]
- **Test Results:** What is your test results? [MCQ: A. Abnormal B. Inconclusive C. Normal]

## Responses

### Respondent 117

- **Age:** 58
- **Gender:** a
- **Blood Type:** d
- **Medical Condition:** c
- **Date of Admission:** 2021-01-17
- **Doctor:** DOC_117
- **Hospital:** HOSP_117
- **Insurance Provider:** e
- **Billing Amount:** 20228
- **Room Number:** 249
- **Admission Type:** a
- **Discharge Date:** 2021-07-31
- **Medication:** d
- **Test Results:** b

### Respondent 70

- **Age:** 49
- **Gender:** b
- **Blood Type:** b
- **Medical Condition:** d
- **Date of Admission:** 2019-07-09
- **Doctor:** DOC_70
- **Hospital:** HOSP_70
- **Insurance Provider:** d
- **Billing Amount:** 32643
- **Room Number:** 424
- **Admission Type:** a
- **Discharge Date:** 2019-09-01
- **Medication:** e
- **Test Results:** b

### Respondent 79

- **Age:** 43
- **Gender:** a
- **Blood Type:** d
- **Medical Condition:** b
- **Date of Admission:** 2021-01-07
- **Doctor:** DOC_79
- **Hospital:** HOSP_79
- **Insurance Provider:** a
- **Billing Amount:** 7187
- **Room Number:** 300
- **Admission Type:** c
- **Discharge Date:** 2020-12-18
- **Medication:** b
- **Test Results:** c

### Respondent 65

- **Age:** 33
- **Gender:** a
- **Blood Type:** g
- **Medical Condition:** e
- **Date of Admission:** 2021-12-28
- **Doctor:** DOC_65
- **Hospital:** HOSP_65
- **Insurance Provider:** c
- **Billing Amount:** 29851
- **Room Number:** 211
- **Admission Type:** a
- **Discharge Date:** 2021-12-09
- **Medication:** d
- **Test Results:** c

### Respondent 60

- **Age:** 26
- **Gender:** b
- **Blood Type:** e
- **Medical Condition:** b
- **Date of Admission:** 2024-03-24
- **Doctor:** DOC_60
- **Hospital:** HOSP_60
- **Insurance Provider:** e
- **Billing Amount:** 37735
- **Room Number:** 494
- **Admission Type:** b
- **Discharge Date:** 2024-04-14
- **Medication:** e
- **Test Results:** c

### Respondent 31

- **Age:** 33
- **Gender:** b
- **Blood Type:** h
- **Medical Condition:** a
- **Date of Admission:** 2022-04-02
- **Doctor:** DOC_31
- **Hospital:** HOSP_31
- **Insurance Provider:** d
- **Billing Amount:** 6734
- **Room Number:** 134
- **Admission Type:** c
- **Discharge Date:** 2022-01-07
- **Medication:** a
- **Test Results:** a

### Respondent 50

- **Age:** 79
- **Gender:** b
- **Blood Type:** a
- **Medical Condition:** d
- **Date of Admission:** 2021-05-23
- **Doctor:** DOC_50
- **Hospital:** HOSP_50
- **Insurance Provider:** a
- **Billing Amount:** 5517
- **Room Number:** 440
- **Admission Type:** a
- **Discharge Date:** 2021-05-10
- **Medication:** c
- **Test Results:** b

### Respondent 81

- **Age:** 42
- **Gender:** a
- **Blood Type:** h
- **Medical Condition:** c
- **Date of Admission:** 2019-06-02
- **Doctor:** DOC_81
- **Hospital:** HOSP_81
- **Insurance Provider:** a
- **Billing Amount:** 14681
- **Room Number:** 234
- **Admission Type:** b
- **Discharge Date:** 2019-07-29
- **Medication:** b
- **Test Results:** a

### Respondent 138

- **Age:** 58
- **Gender:** a
- **Blood Type:** d
- **Medical Condition:** a
- **Date of Admission:** 2023-07-24
- **Doctor:** DOC_138
- **Hospital:** HOSP_138
- **Insurance Provider:** a
- **Billing Amount:** 7556
- **Room Number:** 133
- **Admission Type:** a
- **Discharge Date:** 2023-09-05
- **Medication:** d
- **Test Results:** a

### Respondent 48

- **Age:** 53
- **Gender:** b
- **Blood Type:** d
- **Medical Condition:** e
- **Date of Admission:** 2021-05-14
- **Doctor:** DOC_48
- **Hospital:** HOSP_48
- **Insurance Provider:** c
- **Billing Amount:** 35777
- **Room Number:** 263
- **Admission Type:** a
- **Discharge Date:** 2021-07-01
- **Medication:** e
- **Test Results:** a



Answer: None
</example>

<questionnaire>
# Survey Data

## Questions

- **Age:** What is your age? [Open-ended]
- **Gender:** What is your gender? [MCQ: A. Female B. Male]
- **Blood Type:** What is your blood type? [MCQ: A. A+ B. A- C. AB+ D. AB- E. B+ F. B- G. O+ H. O-]
- **Medical Condition:** What is your medical condition? [MCQ: A. Arthritis B. Asthma C. Cancer D. Diabetes E. Hypertension F. Obesity]
- **Date of Admission:** What is your date of admission? [Open-ended]
- **Doctor:** What is your doctor? [Open-ended]
- **Hospital:** What is your hospital? [Open-ended]
- **Insurance Provider:** What is your insurance provider? [MCQ: A. Aetna B. Blue Cross C. Cigna D. Medicare E. UnitedHealthcare]
- **Billing Amount:** What is your billing amount? [Open-ended]
- **Room Number:** What is your room number? [Open-ended]
- **Admission Type:** What is your admission type? [MCQ: A. Elective B. Emergency C. Urgent]
- **Discharge Date:** What is your discharge date? [Open-ended]
- **Medication:** What is your medication? [MCQ: A. Aspirin B. Ibuprofen C. Lipitor D. Paracetamol E. Penicillin]
- **Test Results:** What is your test results? [MCQ: A. Abnormal B. Inconclusive C. Normal]

## Responses

### Respondent 117

- **Age:** 58
- **Gender:** a
- **Blood Type:** d
- **Medical Condition:** c
- **Date of Admission:** 2021-01-17
- **Doctor:** DOC_117
- **Hospital:** HOSP_117
- **Insurance Provider:** e
- **Billing Amount:** 20228
- **Room Number:** 249
- **Admission Type:** a
- **Discharge Date:** 2021-07-31
- **Medication:** d
- **Test Results:** b

### Respondent 70

- **Age:** 49
- **Gender:** b
- **Blood Type:** b
- **Medical Condition:** d
- **Date of Admission:** 2019-07-09
- **Doctor:** DOC_70
- **Hospital:** HOSP_70
- **Insurance Provider:** d
- **Billing Amount:** 32643
- **Room Number:** 424
- **Admission Type:** a
- **Discharge Date:** 2019-09-01
- **Medication:** e
- **Test Results:** b

### Respondent 79

- **Age:** 43
- **Gender:** a
- **Blood Type:** d
- **Medical Condition:** b
- **Date of Admission:** 2021-01-07
- **Doctor:** DOC_79
- **Hospital:** HOSP_79
- **Insurance Provider:** a
- **Billing Amount:** 7187
- **Room Number:** 300
- **Admission Type:** c
- **Discharge Date:** 2020-12-18
- **Medication:** b
- **Test Results:** c

### Respondent 65

- **Age:** 33
- **Gender:** a
- **Blood Type:** g
- **Medical Condition:** e
- **Date of Admission:** 2021-12-28
- **Doctor:** DOC_65
- **Hospital:** HOSP_65
- **Insurance Provider:** c
- **Billing Amount:** 29851
- **Room Number:** 211
- **Admission Type:** a
- **Discharge Date:** 2021-12-09
- **Medication:** d
- **Test Results:** c

### Respondent 60

- **Age:** 26
- **Gender:** b
- **Blood Type:** e
- **Medical Condition:** b
- **Date of Admission:** 2024-03-24
- **Doctor:** DOC_60
- **Hospital:** HOSP_60
- **Insurance Provider:** e
- **Billing Amount:** 37735
- **Room Number:** 494
- **Admission Type:** b
- **Discharge Date:** 2024-04-14
- **Medication:** e
- **Test Results:** c

### Respondent 31

- **Age:** 33
- **Gender:** b
- **Blood Type:** h
- **Medical Condition:** a
- **Date of Admission:** 2022-04-02
- **Doctor:** DOC_31
- **Hospital:** HOSP_31
- **Insurance Provider:** d
- **Billing Amount:** 6734
- **Room Number:** 134
- **Admission Type:** c
- **Discharge Date:** 2022-01-07
- **Medication:** a
- **Test Results:** a

### Respondent 50

- **Age:** 79
- **Gender:** b
- **Blood Type:** a
- **Medical Condition:** d
- **Date of Admission:** 2021-05-23
- **Doctor:** DOC_50
- **Hospital:** HOSP_50
- **Insurance Provider:** a
- **Billing Amount:** 5517
- **Room Number:** 440
- **Admission Type:** a
- **Discharge Date:** 2021-05-10
- **Medication:** c
- **Test Results:** b

### Respondent 81

- **Age:** 42
- **Gender:** a
- **Blood Type:** h
- **Medical Condition:** c
- **Date of Admission:** 2019-06-02
- **Doctor:** DOC_81
- **Hospital:** HOSP_81
- **Insurance Provider:** a
- **Billing Amount:** 14681
- **Room Number:** 234
- **Admission Type:** b
- **Discharge Date:** 2019-07-29
- **Medication:** b
- **Test Results:** a

### Respondent 138

- **Age:** 58
- **Gender:** a
- **Blood Type:** d
- **Medical Condition:** a
- **Date of Admission:** 2023-07-24
- **Doctor:** DOC_138
- **Hospital:** HOSP_138
- **Insurance Provider:** a
- **Billing Amount:** 7556
- **Room Number:** 133
- **Admission Type:** a
- **Discharge Date:** 2023-09-05
- **Medication:** d
- **Test Results:** a

### Respondent 48

- **Age:** 53
- **Gender:** b
- **Blood Type:** d
- **Medical Condition:** e
- **Date of Admission:** 2021-05-14
- **Doctor:** DOC_48
- **Hospital:** HOSP_48
- **Insurance Provider:** c
- **Billing Amount:** 35777
- **Room Number:** 263
- **Admission Type:** a
- **Discharge Date:** 2021-07-01
- **Medication:** e
- **Test Results:** a


</questionnaire>

<role>
You are a meticulous data analyst AI. Your primary function is to accurately analyze structured data and provide precise, verifiable answers.
</role>

<format>
You will be given a dataset with two key parts:

A 'questions' section: This is your data dictionary or schema. It is the single source of truth for understanding what each field and score means. Refer to it carefully.

A 'responses' section: This contains the raw data from each individual respondent.

To answer the question correctly, you must first use the 'questions' schema to fully understand the context and meaning of the data points within the 'responses'. Do not rely on any prior knowledge outside of this provided data. Base your entire analysis on the information given.
</format>

<output>
Provide your final answer directly and concisely. Output must be the human-readable value, not an option code.

Rules:
- For MCQ fields, map any letter codes in the Responses (case-insensitive) to the corresponding option text from the Questions schema, and output only that text. Do NOT include the letter or both.
  Example: If the schema is ""[MCQ: A. Abnormal B. Inconclusive C. Normal]"" and the response is ""a"", output ""Abnormal"".
- For open-ended fields, output the exact text value.
- If the question asks for a count, provide only the number (e.g., ""42"").
- If the question asks for a list of names or IDs, provide a simple comma-separated list (e.g., ""17, 21, 23"").
- Preserve capitalization exactly as in the schema (e.g., output ""Abnormal"", not ""abnormal"" or ""A"").
</output>

<task>
Find all respondents whose room number is between 205 and 421.
</task>",,False
case_24,answer_reverse_lookup,Find all respondents whose age is between 32 and 67.,"# Survey Data

## Questions

- **Age:** What is your age? [Open-ended]
- **Gender:** What is your gender? [MCQ: A. Female B. Male]
- **Blood Type:** What is your blood type? [MCQ: A. A+ B. A- C. AB+ D. AB- E. B+ F. B- G. O+ H. O-]
- **Medical Condition:** What is your medical condition? [MCQ: A. Arthritis B. Asthma C. Cancer D. Diabetes E. Hypertension F. Obesity]
- **Date of Admission:** What is your date of admission? [Open-ended]
- **Doctor:** What is your doctor? [Open-ended]
- **Hospital:** What is your hospital? [Open-ended]
- **Insurance Provider:** What is your insurance provider? [MCQ: A. Aetna B. Blue Cross C. Cigna D. Medicare E. UnitedHealthcare]
- **Billing Amount:** What is your billing amount? [Open-ended]
- **Room Number:** What is your room number? [Open-ended]
- **Admission Type:** What is your admission type? [MCQ: A. Elective B. Emergency C. Urgent]
- **Discharge Date:** What is your discharge date? [Open-ended]
- **Medication:** What is your medication? [MCQ: A. Aspirin B. Ibuprofen C. Lipitor D. Paracetamol E. Penicillin]
- **Test Results:** What is your test results? [MCQ: A. Abnormal B. Inconclusive C. Normal]

## Responses

### Respondent 56

- **Age:** 73
- **Gender:** b
- **Blood Type:** c
- **Medical Condition:** f
- **Date of Admission:** 2020-01-30
- **Doctor:** DOC_56
- **Hospital:** HOSP_56
- **Insurance Provider:** d
- **Billing Amount:** 19747
- **Room Number:** 180
- **Admission Type:** c
- **Discharge Date:** 2020-06-01
- **Medication:** a
- **Test Results:** a

### Respondent 124

- **Age:** 57
- **Gender:** b
- **Blood Type:** f
- **Medical Condition:** a
- **Date of Admission:** 2021-06-03
- **Doctor:** DOC_124
- **Hospital:** HOSP_124
- **Insurance Provider:** c
- **Billing Amount:** 46814
- **Room Number:** 228
- **Admission Type:** a
- **Discharge Date:** 2021-10-13
- **Medication:** d
- **Test Results:** b

### Respondent 71

- **Age:** 52
- **Gender:** b
- **Blood Type:** f
- **Medical Condition:** d
- **Date of Admission:** 2022-09-14
- **Doctor:** DOC_71
- **Hospital:** HOSP_71
- **Insurance Provider:** b
- **Billing Amount:** 31486
- **Room Number:** 212
- **Admission Type:** a
- **Discharge Date:** 2022-10-07
- **Medication:** a
- **Test Results:** c

### Respondent 135

- **Age:** 52
- **Gender:** a
- **Blood Type:** h
- **Medical Condition:** b
- **Date of Admission:** 2023-11-12
- **Doctor:** DOC_135
- **Hospital:** HOSP_135
- **Insurance Provider:** b
- **Billing Amount:** 27360
- **Room Number:** 405
- **Admission Type:** a
- **Discharge Date:** 2023-06-01
- **Medication:** b
- **Test Results:** c

### Respondent 73

- **Age:** 21
- **Gender:** b
- **Blood Type:** h
- **Medical Condition:** d
- **Date of Admission:** 2024-01-05
- **Doctor:** DOC_73
- **Hospital:** HOSP_73
- **Insurance Provider:** d
- **Billing Amount:** 49943
- **Room Number:** 410
- **Admission Type:** a
- **Discharge Date:** 2024-03-26
- **Medication:** c
- **Test Results:** c

### Respondent 26

- **Age:** 48
- **Gender:** a
- **Blood Type:** c
- **Medical Condition:** d
- **Date of Admission:** 2020-05-04
- **Doctor:** DOC_26
- **Hospital:** HOSP_26
- **Insurance Provider:** d
- **Billing Amount:** 23737
- **Room Number:** 241
- **Admission Type:** a
- **Discharge Date:** 2020-07-14
- **Medication:** b
- **Test Results:** a

### Respondent 50

- **Age:** 79
- **Gender:** b
- **Blood Type:** a
- **Medical Condition:** d
- **Date of Admission:** 2021-05-23
- **Doctor:** DOC_50
- **Hospital:** HOSP_50
- **Insurance Provider:** a
- **Billing Amount:** 5517
- **Room Number:** 440
- **Admission Type:** a
- **Discharge Date:** 2021-05-10
- **Medication:** c
- **Test Results:** b

### Respondent 76

- **Age:** 70
- **Gender:** a
- **Blood Type:** b
- **Medical Condition:** e
- **Date of Admission:** 2023-09-09
- **Doctor:** DOC_76
- **Hospital:** HOSP_76
- **Insurance Provider:** e
- **Billing Amount:** 17440
- **Room Number:** 306
- **Admission Type:** b
- **Discharge Date:** 2023-12-24
- **Medication:** d
- **Test Results:** b

","124, 71, 135, 26","<example>
List all respondents with doctor = 'DOC_107' and hospital = 'HOSP_148'.

DATA:

# Survey Data

## Questions

- **Age:** What is your age? [Open-ended]
- **Gender:** What is your gender? [MCQ: A. Female B. Male]
- **Blood Type:** What is your blood type? [MCQ: A. A+ B. A- C. AB+ D. AB- E. B+ F. B- G. O+ H. O-]
- **Medical Condition:** What is your medical condition? [MCQ: A. Arthritis B. Asthma C. Cancer D. Diabetes E. Hypertension F. Obesity]
- **Date of Admission:** What is your date of admission? [Open-ended]
- **Doctor:** What is your doctor? [Open-ended]
- **Hospital:** What is your hospital? [Open-ended]
- **Insurance Provider:** What is your insurance provider? [MCQ: A. Aetna B. Blue Cross C. Cigna D. Medicare E. UnitedHealthcare]
- **Billing Amount:** What is your billing amount? [Open-ended]
- **Room Number:** What is your room number? [Open-ended]
- **Admission Type:** What is your admission type? [MCQ: A. Elective B. Emergency C. Urgent]
- **Discharge Date:** What is your discharge date? [Open-ended]
- **Medication:** What is your medication? [MCQ: A. Aspirin B. Ibuprofen C. Lipitor D. Paracetamol E. Penicillin]
- **Test Results:** What is your test results? [MCQ: A. Abnormal B. Inconclusive C. Normal]

## Responses

### Respondent 56

- **Age:** 73
- **Gender:** b
- **Blood Type:** c
- **Medical Condition:** f
- **Date of Admission:** 2020-01-30
- **Doctor:** DOC_56
- **Hospital:** HOSP_56
- **Insurance Provider:** d
- **Billing Amount:** 19747
- **Room Number:** 180
- **Admission Type:** c
- **Discharge Date:** 2020-06-01
- **Medication:** a
- **Test Results:** a

### Respondent 124

- **Age:** 57
- **Gender:** b
- **Blood Type:** f
- **Medical Condition:** a
- **Date of Admission:** 2021-06-03
- **Doctor:** DOC_124
- **Hospital:** HOSP_124
- **Insurance Provider:** c
- **Billing Amount:** 46814
- **Room Number:** 228
- **Admission Type:** a
- **Discharge Date:** 2021-10-13
- **Medication:** d
- **Test Results:** b

### Respondent 71

- **Age:** 52
- **Gender:** b
- **Blood Type:** f
- **Medical Condition:** d
- **Date of Admission:** 2022-09-14
- **Doctor:** DOC_71
- **Hospital:** HOSP_71
- **Insurance Provider:** b
- **Billing Amount:** 31486
- **Room Number:** 212
- **Admission Type:** a
- **Discharge Date:** 2022-10-07
- **Medication:** a
- **Test Results:** c

### Respondent 135

- **Age:** 52
- **Gender:** a
- **Blood Type:** h
- **Medical Condition:** b
- **Date of Admission:** 2023-11-12
- **Doctor:** DOC_135
- **Hospital:** HOSP_135
- **Insurance Provider:** b
- **Billing Amount:** 27360
- **Room Number:** 405
- **Admission Type:** a
- **Discharge Date:** 2023-06-01
- **Medication:** b
- **Test Results:** c

### Respondent 73

- **Age:** 21
- **Gender:** b
- **Blood Type:** h
- **Medical Condition:** d
- **Date of Admission:** 2024-01-05
- **Doctor:** DOC_73
- **Hospital:** HOSP_73
- **Insurance Provider:** d
- **Billing Amount:** 49943
- **Room Number:** 410
- **Admission Type:** a
- **Discharge Date:** 2024-03-26
- **Medication:** c
- **Test Results:** c

### Respondent 26

- **Age:** 48
- **Gender:** a
- **Blood Type:** c
- **Medical Condition:** d
- **Date of Admission:** 2020-05-04
- **Doctor:** DOC_26
- **Hospital:** HOSP_26
- **Insurance Provider:** d
- **Billing Amount:** 23737
- **Room Number:** 241
- **Admission Type:** a
- **Discharge Date:** 2020-07-14
- **Medication:** b
- **Test Results:** a

### Respondent 50

- **Age:** 79
- **Gender:** b
- **Blood Type:** a
- **Medical Condition:** d
- **Date of Admission:** 2021-05-23
- **Doctor:** DOC_50
- **Hospital:** HOSP_50
- **Insurance Provider:** a
- **Billing Amount:** 5517
- **Room Number:** 440
- **Admission Type:** a
- **Discharge Date:** 2021-05-10
- **Medication:** c
- **Test Results:** b

### Respondent 76

- **Age:** 70
- **Gender:** a
- **Blood Type:** b
- **Medical Condition:** e
- **Date of Admission:** 2023-09-09
- **Doctor:** DOC_76
- **Hospital:** HOSP_76
- **Insurance Provider:** e
- **Billing Amount:** 17440
- **Room Number:** 306
- **Admission Type:** b
- **Discharge Date:** 2023-12-24
- **Medication:** d
- **Test Results:** b



Answer: None
</example>

<questionnaire>
# Survey Data

## Questions

- **Age:** What is your age? [Open-ended]
- **Gender:** What is your gender? [MCQ: A. Female B. Male]
- **Blood Type:** What is your blood type? [MCQ: A. A+ B. A- C. AB+ D. AB- E. B+ F. B- G. O+ H. O-]
- **Medical Condition:** What is your medical condition? [MCQ: A. Arthritis B. Asthma C. Cancer D. Diabetes E. Hypertension F. Obesity]
- **Date of Admission:** What is your date of admission? [Open-ended]
- **Doctor:** What is your doctor? [Open-ended]
- **Hospital:** What is your hospital? [Open-ended]
- **Insurance Provider:** What is your insurance provider? [MCQ: A. Aetna B. Blue Cross C. Cigna D. Medicare E. UnitedHealthcare]
- **Billing Amount:** What is your billing amount? [Open-ended]
- **Room Number:** What is your room number? [Open-ended]
- **Admission Type:** What is your admission type? [MCQ: A. Elective B. Emergency C. Urgent]
- **Discharge Date:** What is your discharge date? [Open-ended]
- **Medication:** What is your medication? [MCQ: A. Aspirin B. Ibuprofen C. Lipitor D. Paracetamol E. Penicillin]
- **Test Results:** What is your test results? [MCQ: A. Abnormal B. Inconclusive C. Normal]

## Responses

### Respondent 56

- **Age:** 73
- **Gender:** b
- **Blood Type:** c
- **Medical Condition:** f
- **Date of Admission:** 2020-01-30
- **Doctor:** DOC_56
- **Hospital:** HOSP_56
- **Insurance Provider:** d
- **Billing Amount:** 19747
- **Room Number:** 180
- **Admission Type:** c
- **Discharge Date:** 2020-06-01
- **Medication:** a
- **Test Results:** a

### Respondent 124

- **Age:** 57
- **Gender:** b
- **Blood Type:** f
- **Medical Condition:** a
- **Date of Admission:** 2021-06-03
- **Doctor:** DOC_124
- **Hospital:** HOSP_124
- **Insurance Provider:** c
- **Billing Amount:** 46814
- **Room Number:** 228
- **Admission Type:** a
- **Discharge Date:** 2021-10-13
- **Medication:** d
- **Test Results:** b

### Respondent 71

- **Age:** 52
- **Gender:** b
- **Blood Type:** f
- **Medical Condition:** d
- **Date of Admission:** 2022-09-14
- **Doctor:** DOC_71
- **Hospital:** HOSP_71
- **Insurance Provider:** b
- **Billing Amount:** 31486
- **Room Number:** 212
- **Admission Type:** a
- **Discharge Date:** 2022-10-07
- **Medication:** a
- **Test Results:** c

### Respondent 135

- **Age:** 52
- **Gender:** a
- **Blood Type:** h
- **Medical Condition:** b
- **Date of Admission:** 2023-11-12
- **Doctor:** DOC_135
- **Hospital:** HOSP_135
- **Insurance Provider:** b
- **Billing Amount:** 27360
- **Room Number:** 405
- **Admission Type:** a
- **Discharge Date:** 2023-06-01
- **Medication:** b
- **Test Results:** c

### Respondent 73

- **Age:** 21
- **Gender:** b
- **Blood Type:** h
- **Medical Condition:** d
- **Date of Admission:** 2024-01-05
- **Doctor:** DOC_73
- **Hospital:** HOSP_73
- **Insurance Provider:** d
- **Billing Amount:** 49943
- **Room Number:** 410
- **Admission Type:** a
- **Discharge Date:** 2024-03-26
- **Medication:** c
- **Test Results:** c

### Respondent 26

- **Age:** 48
- **Gender:** a
- **Blood Type:** c
- **Medical Condition:** d
- **Date of Admission:** 2020-05-04
- **Doctor:** DOC_26
- **Hospital:** HOSP_26
- **Insurance Provider:** d
- **Billing Amount:** 23737
- **Room Number:** 241
- **Admission Type:** a
- **Discharge Date:** 2020-07-14
- **Medication:** b
- **Test Results:** a

### Respondent 50

- **Age:** 79
- **Gender:** b
- **Blood Type:** a
- **Medical Condition:** d
- **Date of Admission:** 2021-05-23
- **Doctor:** DOC_50
- **Hospital:** HOSP_50
- **Insurance Provider:** a
- **Billing Amount:** 5517
- **Room Number:** 440
- **Admission Type:** a
- **Discharge Date:** 2021-05-10
- **Medication:** c
- **Test Results:** b

### Respondent 76

- **Age:** 70
- **Gender:** a
- **Blood Type:** b
- **Medical Condition:** e
- **Date of Admission:** 2023-09-09
- **Doctor:** DOC_76
- **Hospital:** HOSP_76
- **Insurance Provider:** e
- **Billing Amount:** 17440
- **Room Number:** 306
- **Admission Type:** b
- **Discharge Date:** 2023-12-24
- **Medication:** d
- **Test Results:** b


</questionnaire>

<role>
You are a meticulous data analyst AI. Your primary function is to accurately analyze structured data and provide precise, verifiable answers.
</role>

<format>
You will be given a dataset with two key parts:

A 'questions' section: This is your data dictionary or schema. It is the single source of truth for understanding what each field and score means. Refer to it carefully.

A 'responses' section: This contains the raw data from each individual respondent.

To answer the question correctly, you must first use the 'questions' schema to fully understand the context and meaning of the data points within the 'responses'. Do not rely on any prior knowledge outside of this provided data. Base your entire analysis on the information given.
</format>

<output>
Provide your final answer directly and concisely. Output must be the human-readable value, not an option code.

Rules:
- For MCQ fields, map any letter codes in the Responses (case-insensitive) to the corresponding option text from the Questions schema, and output only that text. Do NOT include the letter or both.
  Example: If the schema is ""[MCQ: A. Abnormal B. Inconclusive C. Normal]"" and the response is ""a"", output ""Abnormal"".
- For open-ended fields, output the exact text value.
- If the question asks for a count, provide only the number (e.g., ""42"").
- If the question asks for a list of names or IDs, provide a simple comma-separated list (e.g., ""17, 21, 23"").
- Preserve capitalization exactly as in the schema (e.g., output ""Abnormal"", not ""abnormal"" or ""A"").
</output>

<task>
Find all respondents whose age is between 32 and 67.
</task>",,False
case_25,answer_reverse_lookup,Find all respondents whose room number is between 172 and 364.,"# Survey Data

## Questions

- **Age:** What is your age? [Open-ended]
- **Gender:** What is your gender? [MCQ: A. Female B. Male]
- **Blood Type:** What is your blood type? [MCQ: A. A+ B. A- C. AB+ D. AB- E. B+ F. B- G. O+ H. O-]
- **Medical Condition:** What is your medical condition? [MCQ: A. Arthritis B. Asthma C. Cancer D. Diabetes E. Hypertension F. Obesity]
- **Date of Admission:** What is your date of admission? [Open-ended]
- **Doctor:** What is your doctor? [Open-ended]
- **Hospital:** What is your hospital? [Open-ended]
- **Insurance Provider:** What is your insurance provider? [MCQ: A. Aetna B. Blue Cross C. Cigna D. Medicare E. UnitedHealthcare]
- **Billing Amount:** What is your billing amount? [Open-ended]
- **Room Number:** What is your room number? [Open-ended]
- **Admission Type:** What is your admission type? [MCQ: A. Elective B. Emergency C. Urgent]
- **Discharge Date:** What is your discharge date? [Open-ended]
- **Medication:** What is your medication? [MCQ: A. Aspirin B. Ibuprofen C. Lipitor D. Paracetamol E. Penicillin]
- **Test Results:** What is your test results? [MCQ: A. Abnormal B. Inconclusive C. Normal]

## Responses

### Respondent 93

- **Age:** 58
- **Gender:** a
- **Blood Type:** g
- **Medical Condition:** a
- **Date of Admission:** 2023-08-19
- **Doctor:** DOC_93
- **Hospital:** HOSP_93
- **Insurance Provider:** e
- **Billing Amount:** 22841
- **Room Number:** 326
- **Admission Type:** b
- **Discharge Date:** 2023-09-18
- **Medication:** b
- **Test Results:** b

### Respondent 46

- **Age:** 22
- **Gender:** a
- **Blood Type:** b
- **Medical Condition:** a
- **Date of Admission:** 2023-12-20
- **Doctor:** DOC_46
- **Hospital:** HOSP_46
- **Insurance Provider:** b
- **Billing Amount:** 42697
- **Room Number:** 108
- **Admission Type:** c
- **Discharge Date:** 2023-10-27
- **Medication:** e
- **Test Results:** c

### Respondent 78

- **Age:** 38
- **Gender:** b
- **Blood Type:** e
- **Medical Condition:** d
- **Date of Admission:** 2024-01-13
- **Doctor:** DOC_78
- **Hospital:** HOSP_78
- **Insurance Provider:** d
- **Billing Amount:** 23068
- **Room Number:** 310
- **Admission Type:** c
- **Discharge Date:** 2024-01-22
- **Medication:** a
- **Test Results:** b

### Respondent 4

- **Age:** 51
- **Gender:** b
- **Blood Type:** e
- **Medical Condition:** d
- **Date of Admission:** 2022-06-17
- **Doctor:** DOC_04
- **Hospital:** HOSP_04
- **Insurance Provider:** d
- **Billing Amount:** 37406
- **Room Number:** 131
- **Admission Type:** a
- **Discharge Date:** 2022-06-28
- **Medication:** d
- **Test Results:** c

### Respondent 137

- **Age:** 24
- **Gender:** b
- **Blood Type:** h
- **Medical Condition:** e
- **Date of Admission:** 2022-09-21
- **Doctor:** DOC_137
- **Hospital:** HOSP_137
- **Insurance Provider:** a
- **Billing Amount:** 39477
- **Room Number:** 401
- **Admission Type:** b
- **Discharge Date:** 2022-10-14
- **Medication:** b
- **Test Results:** b

### Respondent 33

- **Age:** 67
- **Gender:** b
- **Blood Type:** e
- **Medical Condition:** d
- **Date of Admission:** 2022-06-24
- **Doctor:** DOC_33
- **Hospital:** HOSP_33
- **Insurance Provider:** a
- **Billing Amount:** 8321
- **Room Number:** 408
- **Admission Type:** b
- **Discharge Date:** 2022-07-25
- **Medication:** a
- **Test Results:** c

### Respondent 71

- **Age:** 52
- **Gender:** b
- **Blood Type:** f
- **Medical Condition:** d
- **Date of Admission:** 2022-09-14
- **Doctor:** DOC_71
- **Hospital:** HOSP_71
- **Insurance Provider:** b
- **Billing Amount:** 31486
- **Room Number:** 212
- **Admission Type:** a
- **Discharge Date:** 2022-10-07
- **Medication:** a
- **Test Results:** c

### Respondent 12

- **Age:** 20
- **Gender:** b
- **Blood Type:** c
- **Medical Condition:** d
- **Date of Admission:** 2024-03-02
- **Doctor:** DOC_12
- **Hospital:** HOSP_12
- **Insurance Provider:** c
- **Billing Amount:** 45820
- **Room Number:** 428
- **Admission Type:** b
- **Discharge Date:** 2024-05-04
- **Medication:** b
- **Test Results:** b

","93, 78, 71","<example>
List all respondents with doctor = 'DOC_107' and hospital = 'HOSP_148'.

DATA:

# Survey Data

## Questions

- **Age:** What is your age? [Open-ended]
- **Gender:** What is your gender? [MCQ: A. Female B. Male]
- **Blood Type:** What is your blood type? [MCQ: A. A+ B. A- C. AB+ D. AB- E. B+ F. B- G. O+ H. O-]
- **Medical Condition:** What is your medical condition? [MCQ: A. Arthritis B. Asthma C. Cancer D. Diabetes E. Hypertension F. Obesity]
- **Date of Admission:** What is your date of admission? [Open-ended]
- **Doctor:** What is your doctor? [Open-ended]
- **Hospital:** What is your hospital? [Open-ended]
- **Insurance Provider:** What is your insurance provider? [MCQ: A. Aetna B. Blue Cross C. Cigna D. Medicare E. UnitedHealthcare]
- **Billing Amount:** What is your billing amount? [Open-ended]
- **Room Number:** What is your room number? [Open-ended]
- **Admission Type:** What is your admission type? [MCQ: A. Elective B. Emergency C. Urgent]
- **Discharge Date:** What is your discharge date? [Open-ended]
- **Medication:** What is your medication? [MCQ: A. Aspirin B. Ibuprofen C. Lipitor D. Paracetamol E. Penicillin]
- **Test Results:** What is your test results? [MCQ: A. Abnormal B. Inconclusive C. Normal]

## Responses

### Respondent 93

- **Age:** 58
- **Gender:** a
- **Blood Type:** g
- **Medical Condition:** a
- **Date of Admission:** 2023-08-19
- **Doctor:** DOC_93
- **Hospital:** HOSP_93
- **Insurance Provider:** e
- **Billing Amount:** 22841
- **Room Number:** 326
- **Admission Type:** b
- **Discharge Date:** 2023-09-18
- **Medication:** b
- **Test Results:** b

### Respondent 46

- **Age:** 22
- **Gender:** a
- **Blood Type:** b
- **Medical Condition:** a
- **Date of Admission:** 2023-12-20
- **Doctor:** DOC_46
- **Hospital:** HOSP_46
- **Insurance Provider:** b
- **Billing Amount:** 42697
- **Room Number:** 108
- **Admission Type:** c
- **Discharge Date:** 2023-10-27
- **Medication:** e
- **Test Results:** c

### Respondent 78

- **Age:** 38
- **Gender:** b
- **Blood Type:** e
- **Medical Condition:** d
- **Date of Admission:** 2024-01-13
- **Doctor:** DOC_78
- **Hospital:** HOSP_78
- **Insurance Provider:** d
- **Billing Amount:** 23068
- **Room Number:** 310
- **Admission Type:** c
- **Discharge Date:** 2024-01-22
- **Medication:** a
- **Test Results:** b

### Respondent 4

- **Age:** 51
- **Gender:** b
- **Blood Type:** e
- **Medical Condition:** d
- **Date of Admission:** 2022-06-17
- **Doctor:** DOC_04
- **Hospital:** HOSP_04
- **Insurance Provider:** d
- **Billing Amount:** 37406
- **Room Number:** 131
- **Admission Type:** a
- **Discharge Date:** 2022-06-28
- **Medication:** d
- **Test Results:** c

### Respondent 137

- **Age:** 24
- **Gender:** b
- **Blood Type:** h
- **Medical Condition:** e
- **Date of Admission:** 2022-09-21
- **Doctor:** DOC_137
- **Hospital:** HOSP_137
- **Insurance Provider:** a
- **Billing Amount:** 39477
- **Room Number:** 401
- **Admission Type:** b
- **Discharge Date:** 2022-10-14
- **Medication:** b
- **Test Results:** b

### Respondent 33

- **Age:** 67
- **Gender:** b
- **Blood Type:** e
- **Medical Condition:** d
- **Date of Admission:** 2022-06-24
- **Doctor:** DOC_33
- **Hospital:** HOSP_33
- **Insurance Provider:** a
- **Billing Amount:** 8321
- **Room Number:** 408
- **Admission Type:** b
- **Discharge Date:** 2022-07-25
- **Medication:** a
- **Test Results:** c

### Respondent 71

- **Age:** 52
- **Gender:** b
- **Blood Type:** f
- **Medical Condition:** d
- **Date of Admission:** 2022-09-14
- **Doctor:** DOC_71
- **Hospital:** HOSP_71
- **Insurance Provider:** b
- **Billing Amount:** 31486
- **Room Number:** 212
- **Admission Type:** a
- **Discharge Date:** 2022-10-07
- **Medication:** a
- **Test Results:** c

### Respondent 12

- **Age:** 20
- **Gender:** b
- **Blood Type:** c
- **Medical Condition:** d
- **Date of Admission:** 2024-03-02
- **Doctor:** DOC_12
- **Hospital:** HOSP_12
- **Insurance Provider:** c
- **Billing Amount:** 45820
- **Room Number:** 428
- **Admission Type:** b
- **Discharge Date:** 2024-05-04
- **Medication:** b
- **Test Results:** b



Answer: None
</example>

<questionnaire>
# Survey Data

## Questions

- **Age:** What is your age? [Open-ended]
- **Gender:** What is your gender? [MCQ: A. Female B. Male]
- **Blood Type:** What is your blood type? [MCQ: A. A+ B. A- C. AB+ D. AB- E. B+ F. B- G. O+ H. O-]
- **Medical Condition:** What is your medical condition? [MCQ: A. Arthritis B. Asthma C. Cancer D. Diabetes E. Hypertension F. Obesity]
- **Date of Admission:** What is your date of admission? [Open-ended]
- **Doctor:** What is your doctor? [Open-ended]
- **Hospital:** What is your hospital? [Open-ended]
- **Insurance Provider:** What is your insurance provider? [MCQ: A. Aetna B. Blue Cross C. Cigna D. Medicare E. UnitedHealthcare]
- **Billing Amount:** What is your billing amount? [Open-ended]
- **Room Number:** What is your room number? [Open-ended]
- **Admission Type:** What is your admission type? [MCQ: A. Elective B. Emergency C. Urgent]
- **Discharge Date:** What is your discharge date? [Open-ended]
- **Medication:** What is your medication? [MCQ: A. Aspirin B. Ibuprofen C. Lipitor D. Paracetamol E. Penicillin]
- **Test Results:** What is your test results? [MCQ: A. Abnormal B. Inconclusive C. Normal]

## Responses

### Respondent 93

- **Age:** 58
- **Gender:** a
- **Blood Type:** g
- **Medical Condition:** a
- **Date of Admission:** 2023-08-19
- **Doctor:** DOC_93
- **Hospital:** HOSP_93
- **Insurance Provider:** e
- **Billing Amount:** 22841
- **Room Number:** 326
- **Admission Type:** b
- **Discharge Date:** 2023-09-18
- **Medication:** b
- **Test Results:** b

### Respondent 46

- **Age:** 22
- **Gender:** a
- **Blood Type:** b
- **Medical Condition:** a
- **Date of Admission:** 2023-12-20
- **Doctor:** DOC_46
- **Hospital:** HOSP_46
- **Insurance Provider:** b
- **Billing Amount:** 42697
- **Room Number:** 108
- **Admission Type:** c
- **Discharge Date:** 2023-10-27
- **Medication:** e
- **Test Results:** c

### Respondent 78

- **Age:** 38
- **Gender:** b
- **Blood Type:** e
- **Medical Condition:** d
- **Date of Admission:** 2024-01-13
- **Doctor:** DOC_78
- **Hospital:** HOSP_78
- **Insurance Provider:** d
- **Billing Amount:** 23068
- **Room Number:** 310
- **Admission Type:** c
- **Discharge Date:** 2024-01-22
- **Medication:** a
- **Test Results:** b

### Respondent 4

- **Age:** 51
- **Gender:** b
- **Blood Type:** e
- **Medical Condition:** d
- **Date of Admission:** 2022-06-17
- **Doctor:** DOC_04
- **Hospital:** HOSP_04
- **Insurance Provider:** d
- **Billing Amount:** 37406
- **Room Number:** 131
- **Admission Type:** a
- **Discharge Date:** 2022-06-28
- **Medication:** d
- **Test Results:** c

### Respondent 137

- **Age:** 24
- **Gender:** b
- **Blood Type:** h
- **Medical Condition:** e
- **Date of Admission:** 2022-09-21
- **Doctor:** DOC_137
- **Hospital:** HOSP_137
- **Insurance Provider:** a
- **Billing Amount:** 39477
- **Room Number:** 401
- **Admission Type:** b
- **Discharge Date:** 2022-10-14
- **Medication:** b
- **Test Results:** b

### Respondent 33

- **Age:** 67
- **Gender:** b
- **Blood Type:** e
- **Medical Condition:** d
- **Date of Admission:** 2022-06-24
- **Doctor:** DOC_33
- **Hospital:** HOSP_33
- **Insurance Provider:** a
- **Billing Amount:** 8321
- **Room Number:** 408
- **Admission Type:** b
- **Discharge Date:** 2022-07-25
- **Medication:** a
- **Test Results:** c

### Respondent 71

- **Age:** 52
- **Gender:** b
- **Blood Type:** f
- **Medical Condition:** d
- **Date of Admission:** 2022-09-14
- **Doctor:** DOC_71
- **Hospital:** HOSP_71
- **Insurance Provider:** b
- **Billing Amount:** 31486
- **Room Number:** 212
- **Admission Type:** a
- **Discharge Date:** 2022-10-07
- **Medication:** a
- **Test Results:** c

### Respondent 12

- **Age:** 20
- **Gender:** b
- **Blood Type:** c
- **Medical Condition:** d
- **Date of Admission:** 2024-03-02
- **Doctor:** DOC_12
- **Hospital:** HOSP_12
- **Insurance Provider:** c
- **Billing Amount:** 45820
- **Room Number:** 428
- **Admission Type:** b
- **Discharge Date:** 2024-05-04
- **Medication:** b
- **Test Results:** b


</questionnaire>

<role>
You are a meticulous data analyst AI. Your primary function is to accurately analyze structured data and provide precise, verifiable answers.
</role>

<format>
You will be given a dataset with two key parts:

A 'questions' section: This is your data dictionary or schema. It is the single source of truth for understanding what each field and score means. Refer to it carefully.

A 'responses' section: This contains the raw data from each individual respondent.

To answer the question correctly, you must first use the 'questions' schema to fully understand the context and meaning of the data points within the 'responses'. Do not rely on any prior knowledge outside of this provided data. Base your entire analysis on the information given.
</format>

<output>
Provide your final answer directly and concisely. Output must be the human-readable value, not an option code.

Rules:
- For MCQ fields, map any letter codes in the Responses (case-insensitive) to the corresponding option text from the Questions schema, and output only that text. Do NOT include the letter or both.
  Example: If the schema is ""[MCQ: A. Abnormal B. Inconclusive C. Normal]"" and the response is ""a"", output ""Abnormal"".
- For open-ended fields, output the exact text value.
- If the question asks for a count, provide only the number (e.g., ""42"").
- If the question asks for a list of names or IDs, provide a simple comma-separated list (e.g., ""17, 21, 23"").
- Preserve capitalization exactly as in the schema (e.g., output ""Abnormal"", not ""abnormal"" or ""A"").
</output>

<task>
Find all respondents whose room number is between 172 and 364.
</task>",,False
case_26,answer_reverse_lookup,Which respondents have a calculated length of stay greater than 11 days and do not have a medical condition of 'Asthma'?,"# Survey Data

## Questions

- **Age:** What is your age? [Open-ended]
- **Gender:** What is your gender? [MCQ: A. Female B. Male]
- **Blood Type:** What is your blood type? [MCQ: A. A+ B. A- C. AB+ D. AB- E. B+ F. B- G. O+ H. O-]
- **Medical Condition:** What is your medical condition? [MCQ: A. Arthritis B. Asthma C. Cancer D. Diabetes E. Hypertension F. Obesity]
- **Date of Admission:** What is your date of admission? [Open-ended]
- **Doctor:** What is your doctor? [Open-ended]
- **Hospital:** What is your hospital? [Open-ended]
- **Insurance Provider:** What is your insurance provider? [MCQ: A. Aetna B. Blue Cross C. Cigna D. Medicare E. UnitedHealthcare]
- **Billing Amount:** What is your billing amount? [Open-ended]
- **Room Number:** What is your room number? [Open-ended]
- **Admission Type:** What is your admission type? [MCQ: A. Elective B. Emergency C. Urgent]
- **Discharge Date:** What is your discharge date? [Open-ended]
- **Medication:** What is your medication? [MCQ: A. Aspirin B. Ibuprofen C. Lipitor D. Paracetamol E. Penicillin]
- **Test Results:** What is your test results? [MCQ: A. Abnormal B. Inconclusive C. Normal]

## Responses

### Respondent 142

- **Age:** 37
- **Gender:** a
- **Blood Type:** g
- **Medical Condition:** b
- **Date of Admission:** 2019-11-06
- **Doctor:** DOC_142
- **Hospital:** HOSP_142
- **Insurance Provider:** a
- **Billing Amount:** 9586
- **Room Number:** 482
- **Admission Type:** a
- **Discharge Date:** 2020-02-09
- **Medication:** e
- **Test Results:** a

### Respondent 75

- **Age:** 57
- **Gender:** a
- **Blood Type:** f
- **Medical Condition:** f
- **Date of Admission:** 2021-02-12
- **Doctor:** DOC_75
- **Hospital:** HOSP_75
- **Insurance Provider:** d
- **Billing Amount:** 33208
- **Room Number:** 285
- **Admission Type:** c
- **Discharge Date:** 2021-01-26
- **Medication:** e
- **Test Results:** a

### Respondent 33

- **Age:** 67
- **Gender:** b
- **Blood Type:** e
- **Medical Condition:** d
- **Date of Admission:** 2022-06-24
- **Doctor:** DOC_33
- **Hospital:** HOSP_33
- **Insurance Provider:** a
- **Billing Amount:** 8321
- **Room Number:** 408
- **Admission Type:** b
- **Discharge Date:** 2022-07-25
- **Medication:** a
- **Test Results:** c

### Respondent 126

- **Age:** 20
- **Gender:** b
- **Blood Type:** g
- **Medical Condition:** a
- **Date of Admission:** 2021-01-03
- **Doctor:** DOC_126
- **Hospital:** HOSP_126
- **Insurance Provider:** b
- **Billing Amount:** 33682
- **Room Number:** 321
- **Admission Type:** b
- **Discharge Date:** 2020-12-08
- **Medication:** b
- **Test Results:** a

### Respondent 27

- **Age:** 74
- **Gender:** a
- **Blood Type:** b
- **Medical Condition:** a
- **Date of Admission:** 2021-11-21
- **Doctor:** DOC_27
- **Hospital:** HOSP_27
- **Insurance Provider:** e
- **Billing Amount:** 30591
- **Room Number:** 113
- **Admission Type:** b
- **Discharge Date:** 2021-11-22
- **Medication:** d
- **Test Results:** b

","75, 33","<example>
List all respondents with doctor = 'DOC_107' and hospital = 'HOSP_148'.

DATA:

# Survey Data

## Questions

- **Age:** What is your age? [Open-ended]
- **Gender:** What is your gender? [MCQ: A. Female B. Male]
- **Blood Type:** What is your blood type? [MCQ: A. A+ B. A- C. AB+ D. AB- E. B+ F. B- G. O+ H. O-]
- **Medical Condition:** What is your medical condition? [MCQ: A. Arthritis B. Asthma C. Cancer D. Diabetes E. Hypertension F. Obesity]
- **Date of Admission:** What is your date of admission? [Open-ended]
- **Doctor:** What is your doctor? [Open-ended]
- **Hospital:** What is your hospital? [Open-ended]
- **Insurance Provider:** What is your insurance provider? [MCQ: A. Aetna B. Blue Cross C. Cigna D. Medicare E. UnitedHealthcare]
- **Billing Amount:** What is your billing amount? [Open-ended]
- **Room Number:** What is your room number? [Open-ended]
- **Admission Type:** What is your admission type? [MCQ: A. Elective B. Emergency C. Urgent]
- **Discharge Date:** What is your discharge date? [Open-ended]
- **Medication:** What is your medication? [MCQ: A. Aspirin B. Ibuprofen C. Lipitor D. Paracetamol E. Penicillin]
- **Test Results:** What is your test results? [MCQ: A. Abnormal B. Inconclusive C. Normal]

## Responses

### Respondent 142

- **Age:** 37
- **Gender:** a
- **Blood Type:** g
- **Medical Condition:** b
- **Date of Admission:** 2019-11-06
- **Doctor:** DOC_142
- **Hospital:** HOSP_142
- **Insurance Provider:** a
- **Billing Amount:** 9586
- **Room Number:** 482
- **Admission Type:** a
- **Discharge Date:** 2020-02-09
- **Medication:** e
- **Test Results:** a

### Respondent 75

- **Age:** 57
- **Gender:** a
- **Blood Type:** f
- **Medical Condition:** f
- **Date of Admission:** 2021-02-12
- **Doctor:** DOC_75
- **Hospital:** HOSP_75
- **Insurance Provider:** d
- **Billing Amount:** 33208
- **Room Number:** 285
- **Admission Type:** c
- **Discharge Date:** 2021-01-26
- **Medication:** e
- **Test Results:** a

### Respondent 33

- **Age:** 67
- **Gender:** b
- **Blood Type:** e
- **Medical Condition:** d
- **Date of Admission:** 2022-06-24
- **Doctor:** DOC_33
- **Hospital:** HOSP_33
- **Insurance Provider:** a
- **Billing Amount:** 8321
- **Room Number:** 408
- **Admission Type:** b
- **Discharge Date:** 2022-07-25
- **Medication:** a
- **Test Results:** c

### Respondent 126

- **Age:** 20
- **Gender:** b
- **Blood Type:** g
- **Medical Condition:** a
- **Date of Admission:** 2021-01-03
- **Doctor:** DOC_126
- **Hospital:** HOSP_126
- **Insurance Provider:** b
- **Billing Amount:** 33682
- **Room Number:** 321
- **Admission Type:** b
- **Discharge Date:** 2020-12-08
- **Medication:** b
- **Test Results:** a

### Respondent 27

- **Age:** 74
- **Gender:** a
- **Blood Type:** b
- **Medical Condition:** a
- **Date of Admission:** 2021-11-21
- **Doctor:** DOC_27
- **Hospital:** HOSP_27
- **Insurance Provider:** e
- **Billing Amount:** 30591
- **Room Number:** 113
- **Admission Type:** b
- **Discharge Date:** 2021-11-22
- **Medication:** d
- **Test Results:** b



Answer: None
</example>

<questionnaire>
# Survey Data

## Questions

- **Age:** What is your age? [Open-ended]
- **Gender:** What is your gender? [MCQ: A. Female B. Male]
- **Blood Type:** What is your blood type? [MCQ: A. A+ B. A- C. AB+ D. AB- E. B+ F. B- G. O+ H. O-]
- **Medical Condition:** What is your medical condition? [MCQ: A. Arthritis B. Asthma C. Cancer D. Diabetes E. Hypertension F. Obesity]
- **Date of Admission:** What is your date of admission? [Open-ended]
- **Doctor:** What is your doctor? [Open-ended]
- **Hospital:** What is your hospital? [Open-ended]
- **Insurance Provider:** What is your insurance provider? [MCQ: A. Aetna B. Blue Cross C. Cigna D. Medicare E. UnitedHealthcare]
- **Billing Amount:** What is your billing amount? [Open-ended]
- **Room Number:** What is your room number? [Open-ended]
- **Admission Type:** What is your admission type? [MCQ: A. Elective B. Emergency C. Urgent]
- **Discharge Date:** What is your discharge date? [Open-ended]
- **Medication:** What is your medication? [MCQ: A. Aspirin B. Ibuprofen C. Lipitor D. Paracetamol E. Penicillin]
- **Test Results:** What is your test results? [MCQ: A. Abnormal B. Inconclusive C. Normal]

## Responses

### Respondent 142

- **Age:** 37
- **Gender:** a
- **Blood Type:** g
- **Medical Condition:** b
- **Date of Admission:** 2019-11-06
- **Doctor:** DOC_142
- **Hospital:** HOSP_142
- **Insurance Provider:** a
- **Billing Amount:** 9586
- **Room Number:** 482
- **Admission Type:** a
- **Discharge Date:** 2020-02-09
- **Medication:** e
- **Test Results:** a

### Respondent 75

- **Age:** 57
- **Gender:** a
- **Blood Type:** f
- **Medical Condition:** f
- **Date of Admission:** 2021-02-12
- **Doctor:** DOC_75
- **Hospital:** HOSP_75
- **Insurance Provider:** d
- **Billing Amount:** 33208
- **Room Number:** 285
- **Admission Type:** c
- **Discharge Date:** 2021-01-26
- **Medication:** e
- **Test Results:** a

### Respondent 33

- **Age:** 67
- **Gender:** b
- **Blood Type:** e
- **Medical Condition:** d
- **Date of Admission:** 2022-06-24
- **Doctor:** DOC_33
- **Hospital:** HOSP_33
- **Insurance Provider:** a
- **Billing Amount:** 8321
- **Room Number:** 408
- **Admission Type:** b
- **Discharge Date:** 2022-07-25
- **Medication:** a
- **Test Results:** c

### Respondent 126

- **Age:** 20
- **Gender:** b
- **Blood Type:** g
- **Medical Condition:** a
- **Date of Admission:** 2021-01-03
- **Doctor:** DOC_126
- **Hospital:** HOSP_126
- **Insurance Provider:** b
- **Billing Amount:** 33682
- **Room Number:** 321
- **Admission Type:** b
- **Discharge Date:** 2020-12-08
- **Medication:** b
- **Test Results:** a

### Respondent 27

- **Age:** 74
- **Gender:** a
- **Blood Type:** b
- **Medical Condition:** a
- **Date of Admission:** 2021-11-21
- **Doctor:** DOC_27
- **Hospital:** HOSP_27
- **Insurance Provider:** e
- **Billing Amount:** 30591
- **Room Number:** 113
- **Admission Type:** b
- **Discharge Date:** 2021-11-22
- **Medication:** d
- **Test Results:** b


</questionnaire>

<role>
You are a meticulous data analyst AI. Your primary function is to accurately analyze structured data and provide precise, verifiable answers.
</role>

<format>
You will be given a dataset with two key parts:

A 'questions' section: This is your data dictionary or schema. It is the single source of truth for understanding what each field and score means. Refer to it carefully.

A 'responses' section: This contains the raw data from each individual respondent.

To answer the question correctly, you must first use the 'questions' schema to fully understand the context and meaning of the data points within the 'responses'. Do not rely on any prior knowledge outside of this provided data. Base your entire analysis on the information given.
</format>

<output>
Provide your final answer directly and concisely. Output must be the human-readable value, not an option code.

Rules:
- For MCQ fields, map any letter codes in the Responses (case-insensitive) to the corresponding option text from the Questions schema, and output only that text. Do NOT include the letter or both.
  Example: If the schema is ""[MCQ: A. Abnormal B. Inconclusive C. Normal]"" and the response is ""a"", output ""Abnormal"".
- For open-ended fields, output the exact text value.
- If the question asks for a count, provide only the number (e.g., ""42"").
- If the question asks for a list of names or IDs, provide a simple comma-separated list (e.g., ""17, 21, 23"").
- Preserve capitalization exactly as in the schema (e.g., output ""Abnormal"", not ""abnormal"" or ""A"").
</output>

<task>
Which respondents have a calculated length of stay greater than 11 days and do not have a medical condition of 'Asthma'?
</task>","To determine the respondents with a calculated length of stay greater than 11 days and who do not have a medical condition of 'Asthma', we need to:

1. Calculate the length of stay for each respondent by subtracting the **Date of Admission** from the **Discharge Date**.
2. Exclude respondents with a medical condition of 'Asthma' (corresponds to option 'b' in the schema).
3. Identify respondents with a length of stay greater than 11 days.

### Calculations:

#### Respondent 142
- **Admission Date:** 2019-11-06
- **Discharge Date:** 2020-02-09
- **Length of Stay:** 95 days
- **Medical Condition:** 'b' → 'Asthma' → **Excluded**

#### Respondent 75
- **Admission Date:** 2021-02-12
- **Discharge Date:** 2021-01-26
- **Length of Stay:** -17 days (invalid, discharge before admission) → **Excluded**

#### Respondent 33
- **Admission Date:** 2022-06-24
- **Discharge Date:** 2022-07-25
- **Length of Stay:** 31 days
- **Medical Condition:** 'd' → 'Diabetes' → **Included**

#### Respondent 126
- **Admission Date:** 2021-01-03
- **Discharge Date:** 2020-12-08
- **Length of Stay:** -26 days (invalid, discharge before admission) → **Excluded**

#### Respondent 27
- **Admission Date:** 2021-11-21
- **Discharge Date:** 2021-11-22
- **Length of Stay:** 1 day
- **Medical Condition:** 'a' → 'Arthritis' → **Included**

### Final Answer:
Respondent 33",False
case_27,answer_reverse_lookup,Which respondents have a calculated length of stay greater than 7 days and do not have a medical condition of 'Arthritis'?,"# Survey Data

## Questions

- **Age:** What is your age? [Open-ended]
- **Gender:** What is your gender? [MCQ: A. Female B. Male]
- **Blood Type:** What is your blood type? [MCQ: A. A+ B. A- C. AB+ D. AB- E. B+ F. B- G. O+ H. O-]
- **Medical Condition:** What is your medical condition? [MCQ: A. Arthritis B. Asthma C. Cancer D. Diabetes E. Hypertension F. Obesity]
- **Date of Admission:** What is your date of admission? [Open-ended]
- **Doctor:** What is your doctor? [Open-ended]
- **Hospital:** What is your hospital? [Open-ended]
- **Insurance Provider:** What is your insurance provider? [MCQ: A. Aetna B. Blue Cross C. Cigna D. Medicare E. UnitedHealthcare]
- **Billing Amount:** What is your billing amount? [Open-ended]
- **Room Number:** What is your room number? [Open-ended]
- **Admission Type:** What is your admission type? [MCQ: A. Elective B. Emergency C. Urgent]
- **Discharge Date:** What is your discharge date? [Open-ended]
- **Medication:** What is your medication? [MCQ: A. Aspirin B. Ibuprofen C. Lipitor D. Paracetamol E. Penicillin]
- **Test Results:** What is your test results? [MCQ: A. Abnormal B. Inconclusive C. Normal]

## Responses

### Respondent 147

- **Age:** 50
- **Gender:** a
- **Blood Type:** f
- **Medical Condition:** a
- **Date of Admission:** 2021-05-06
- **Doctor:** DOC_147
- **Hospital:** HOSP_147
- **Insurance Provider:** d
- **Billing Amount:** 25250
- **Room Number:** 373
- **Admission Type:** b
- **Discharge Date:** 2021-06-06
- **Medication:** e
- **Test Results:** a

### Respondent 73

- **Age:** 21
- **Gender:** b
- **Blood Type:** h
- **Medical Condition:** d
- **Date of Admission:** 2024-01-05
- **Doctor:** DOC_73
- **Hospital:** HOSP_73
- **Insurance Provider:** d
- **Billing Amount:** 49943
- **Room Number:** 410
- **Admission Type:** a
- **Discharge Date:** 2024-03-26
- **Medication:** c
- **Test Results:** c

### Respondent 121

- **Age:** 76
- **Gender:** a
- **Blood Type:** f
- **Medical Condition:** e
- **Date of Admission:** 2021-10-27
- **Doctor:** DOC_121
- **Hospital:** HOSP_121
- **Insurance Provider:** c
- **Billing Amount:** 50119
- **Room Number:** 465
- **Admission Type:** b
- **Discharge Date:** 2021-11-21
- **Medication:** c
- **Test Results:** c

### Respondent 123

- **Age:** 30
- **Gender:** a
- **Blood Type:** d
- **Medical Condition:** c
- **Date of Admission:** 2019-10-13
- **Doctor:** DOC_123
- **Hospital:** HOSP_123
- **Insurance Provider:** a
- **Billing Amount:** 1586
- **Room Number:** 328
- **Admission Type:** c
- **Discharge Date:** 2019-12-21
- **Medication:** e
- **Test Results:** c

### Respondent 113

- **Age:** 36
- **Gender:** b
- **Blood Type:** b
- **Medical Condition:** e
- **Date of Admission:** 2021-05-14
- **Doctor:** DOC_113
- **Hospital:** HOSP_113
- **Insurance Provider:** b
- **Billing Amount:** 19328
- **Room Number:** 268
- **Admission Type:** a
- **Discharge Date:** 2021-03-20
- **Medication:** a
- **Test Results:** a

","121, 123, 113","<example>
List all respondents with doctor = 'DOC_107' and hospital = 'HOSP_148'.

DATA:

# Survey Data

## Questions

- **Age:** What is your age? [Open-ended]
- **Gender:** What is your gender? [MCQ: A. Female B. Male]
- **Blood Type:** What is your blood type? [MCQ: A. A+ B. A- C. AB+ D. AB- E. B+ F. B- G. O+ H. O-]
- **Medical Condition:** What is your medical condition? [MCQ: A. Arthritis B. Asthma C. Cancer D. Diabetes E. Hypertension F. Obesity]
- **Date of Admission:** What is your date of admission? [Open-ended]
- **Doctor:** What is your doctor? [Open-ended]
- **Hospital:** What is your hospital? [Open-ended]
- **Insurance Provider:** What is your insurance provider? [MCQ: A. Aetna B. Blue Cross C. Cigna D. Medicare E. UnitedHealthcare]
- **Billing Amount:** What is your billing amount? [Open-ended]
- **Room Number:** What is your room number? [Open-ended]
- **Admission Type:** What is your admission type? [MCQ: A. Elective B. Emergency C. Urgent]
- **Discharge Date:** What is your discharge date? [Open-ended]
- **Medication:** What is your medication? [MCQ: A. Aspirin B. Ibuprofen C. Lipitor D. Paracetamol E. Penicillin]
- **Test Results:** What is your test results? [MCQ: A. Abnormal B. Inconclusive C. Normal]

## Responses

### Respondent 147

- **Age:** 50
- **Gender:** a
- **Blood Type:** f
- **Medical Condition:** a
- **Date of Admission:** 2021-05-06
- **Doctor:** DOC_147
- **Hospital:** HOSP_147
- **Insurance Provider:** d
- **Billing Amount:** 25250
- **Room Number:** 373
- **Admission Type:** b
- **Discharge Date:** 2021-06-06
- **Medication:** e
- **Test Results:** a

### Respondent 73

- **Age:** 21
- **Gender:** b
- **Blood Type:** h
- **Medical Condition:** d
- **Date of Admission:** 2024-01-05
- **Doctor:** DOC_73
- **Hospital:** HOSP_73
- **Insurance Provider:** d
- **Billing Amount:** 49943
- **Room Number:** 410
- **Admission Type:** a
- **Discharge Date:** 2024-03-26
- **Medication:** c
- **Test Results:** c

### Respondent 121

- **Age:** 76
- **Gender:** a
- **Blood Type:** f
- **Medical Condition:** e
- **Date of Admission:** 2021-10-27
- **Doctor:** DOC_121
- **Hospital:** HOSP_121
- **Insurance Provider:** c
- **Billing Amount:** 50119
- **Room Number:** 465
- **Admission Type:** b
- **Discharge Date:** 2021-11-21
- **Medication:** c
- **Test Results:** c

### Respondent 123

- **Age:** 30
- **Gender:** a
- **Blood Type:** d
- **Medical Condition:** c
- **Date of Admission:** 2019-10-13
- **Doctor:** DOC_123
- **Hospital:** HOSP_123
- **Insurance Provider:** a
- **Billing Amount:** 1586
- **Room Number:** 328
- **Admission Type:** c
- **Discharge Date:** 2019-12-21
- **Medication:** e
- **Test Results:** c

### Respondent 113

- **Age:** 36
- **Gender:** b
- **Blood Type:** b
- **Medical Condition:** e
- **Date of Admission:** 2021-05-14
- **Doctor:** DOC_113
- **Hospital:** HOSP_113
- **Insurance Provider:** b
- **Billing Amount:** 19328
- **Room Number:** 268
- **Admission Type:** a
- **Discharge Date:** 2021-03-20
- **Medication:** a
- **Test Results:** a



Answer: None
</example>

<questionnaire>
# Survey Data

## Questions

- **Age:** What is your age? [Open-ended]
- **Gender:** What is your gender? [MCQ: A. Female B. Male]
- **Blood Type:** What is your blood type? [MCQ: A. A+ B. A- C. AB+ D. AB- E. B+ F. B- G. O+ H. O-]
- **Medical Condition:** What is your medical condition? [MCQ: A. Arthritis B. Asthma C. Cancer D. Diabetes E. Hypertension F. Obesity]
- **Date of Admission:** What is your date of admission? [Open-ended]
- **Doctor:** What is your doctor? [Open-ended]
- **Hospital:** What is your hospital? [Open-ended]
- **Insurance Provider:** What is your insurance provider? [MCQ: A. Aetna B. Blue Cross C. Cigna D. Medicare E. UnitedHealthcare]
- **Billing Amount:** What is your billing amount? [Open-ended]
- **Room Number:** What is your room number? [Open-ended]
- **Admission Type:** What is your admission type? [MCQ: A. Elective B. Emergency C. Urgent]
- **Discharge Date:** What is your discharge date? [Open-ended]
- **Medication:** What is your medication? [MCQ: A. Aspirin B. Ibuprofen C. Lipitor D. Paracetamol E. Penicillin]
- **Test Results:** What is your test results? [MCQ: A. Abnormal B. Inconclusive C. Normal]

## Responses

### Respondent 147

- **Age:** 50
- **Gender:** a
- **Blood Type:** f
- **Medical Condition:** a
- **Date of Admission:** 2021-05-06
- **Doctor:** DOC_147
- **Hospital:** HOSP_147
- **Insurance Provider:** d
- **Billing Amount:** 25250
- **Room Number:** 373
- **Admission Type:** b
- **Discharge Date:** 2021-06-06
- **Medication:** e
- **Test Results:** a

### Respondent 73

- **Age:** 21
- **Gender:** b
- **Blood Type:** h
- **Medical Condition:** d
- **Date of Admission:** 2024-01-05
- **Doctor:** DOC_73
- **Hospital:** HOSP_73
- **Insurance Provider:** d
- **Billing Amount:** 49943
- **Room Number:** 410
- **Admission Type:** a
- **Discharge Date:** 2024-03-26
- **Medication:** c
- **Test Results:** c

### Respondent 121

- **Age:** 76
- **Gender:** a
- **Blood Type:** f
- **Medical Condition:** e
- **Date of Admission:** 2021-10-27
- **Doctor:** DOC_121
- **Hospital:** HOSP_121
- **Insurance Provider:** c
- **Billing Amount:** 50119
- **Room Number:** 465
- **Admission Type:** b
- **Discharge Date:** 2021-11-21
- **Medication:** c
- **Test Results:** c

### Respondent 123

- **Age:** 30
- **Gender:** a
- **Blood Type:** d
- **Medical Condition:** c
- **Date of Admission:** 2019-10-13
- **Doctor:** DOC_123
- **Hospital:** HOSP_123
- **Insurance Provider:** a
- **Billing Amount:** 1586
- **Room Number:** 328
- **Admission Type:** c
- **Discharge Date:** 2019-12-21
- **Medication:** e
- **Test Results:** c

### Respondent 113

- **Age:** 36
- **Gender:** b
- **Blood Type:** b
- **Medical Condition:** e
- **Date of Admission:** 2021-05-14
- **Doctor:** DOC_113
- **Hospital:** HOSP_113
- **Insurance Provider:** b
- **Billing Amount:** 19328
- **Room Number:** 268
- **Admission Type:** a
- **Discharge Date:** 2021-03-20
- **Medication:** a
- **Test Results:** a


</questionnaire>

<role>
You are a meticulous data analyst AI. Your primary function is to accurately analyze structured data and provide precise, verifiable answers.
</role>

<format>
You will be given a dataset with two key parts:

A 'questions' section: This is your data dictionary or schema. It is the single source of truth for understanding what each field and score means. Refer to it carefully.

A 'responses' section: This contains the raw data from each individual respondent.

To answer the question correctly, you must first use the 'questions' schema to fully understand the context and meaning of the data points within the 'responses'. Do not rely on any prior knowledge outside of this provided data. Base your entire analysis on the information given.
</format>

<output>
Provide your final answer directly and concisely. Output must be the human-readable value, not an option code.

Rules:
- For MCQ fields, map any letter codes in the Responses (case-insensitive) to the corresponding option text from the Questions schema, and output only that text. Do NOT include the letter or both.
  Example: If the schema is ""[MCQ: A. Abnormal B. Inconclusive C. Normal]"" and the response is ""a"", output ""Abnormal"".
- For open-ended fields, output the exact text value.
- If the question asks for a count, provide only the number (e.g., ""42"").
- If the question asks for a list of names or IDs, provide a simple comma-separated list (e.g., ""17, 21, 23"").
- Preserve capitalization exactly as in the schema (e.g., output ""Abnormal"", not ""abnormal"" or ""A"").
</output>

<task>
Which respondents have a calculated length of stay greater than 7 days and do not have a medical condition of 'Arthritis'?
</task>","To calculate the length of stay, I will subtract the ""Date of Admission"" from the ""Discharge Date"" for each respondent and check if the result is greater than 7 days. I will also exclude respondents with a medical condition of ""Arthritis.""

### Calculations:

1. **Respondent 147:**
   - Date of Admission: 2021-05-06
   - Discharge Date: 2021-06-06
   - Length of Stay: 31 days
   - Medical Condition: Arthritis
   - **Excluded (Medical Condition is Arthritis)**

2. **Respondent 73:**
   - Date of Admission: 2024-01-05
   - Discharge Date: 2024-03-26
   - Length of Stay: 81 days
   - Medical Condition: Diabetes
   - **Included (Length of Stay > 7 days and Medical Condition is not Arthritis)**

3. **Respondent 121:**
   - Date of Admission: 2021-10-27
   - Discharge Date: 2021-11-21
   - Length of Stay: 25 days
   - Medical Condition: Hypertension
   - **Included (Length of Stay > 7 days and Medical Condition is not Arthritis)**

4. **Respondent 123:**
   - Date of Admission: 2019-10-13
   - Discharge Date: 2019-12-21
   - Length of Stay: 69 days
   - Medical Condition: Cancer
   - **Included (Length of Stay > 7 days and Medical Condition is not Arthritis)**

5. **Respondent 113:**
   - Date of Admission: 2021-05-14
   - Discharge Date: 2021-03-20
   - Length of Stay: -45 days (Invalid, as discharge date is before admission date)
   - Medical Condition: Hypertension
   - **Excluded (Invalid Length of Stay)**

### Final Answer:
73, 121, 123",False
case_28,answer_reverse_lookup,List all respondents who are treated by the same doctor as the patient in room '272' and were admitted for the same admission type.,"# Survey Data

## Questions

- **Age:** What is your age? [Open-ended]
- **Gender:** What is your gender? [MCQ: A. Female B. Male]
- **Blood Type:** What is your blood type? [MCQ: A. A+ B. A- C. AB+ D. AB- E. B+ F. B- G. O+ H. O-]
- **Medical Condition:** What is your medical condition? [MCQ: A. Arthritis B. Asthma C. Cancer D. Diabetes E. Hypertension F. Obesity]
- **Date of Admission:** What is your date of admission? [Open-ended]
- **Doctor:** What is your doctor? [Open-ended]
- **Hospital:** What is your hospital? [Open-ended]
- **Insurance Provider:** What is your insurance provider? [MCQ: A. Aetna B. Blue Cross C. Cigna D. Medicare E. UnitedHealthcare]
- **Billing Amount:** What is your billing amount? [Open-ended]
- **Room Number:** What is your room number? [Open-ended]
- **Admission Type:** What is your admission type? [MCQ: A. Elective B. Emergency C. Urgent]
- **Discharge Date:** What is your discharge date? [Open-ended]
- **Medication:** What is your medication? [MCQ: A. Aspirin B. Ibuprofen C. Lipitor D. Paracetamol E. Penicillin]
- **Test Results:** What is your test results? [MCQ: A. Abnormal B. Inconclusive C. Normal]

## Responses

### Respondent 48

- **Age:** 53
- **Gender:** b
- **Blood Type:** d
- **Medical Condition:** e
- **Date of Admission:** 2021-05-14
- **Doctor:** DOC_48
- **Hospital:** HOSP_48
- **Insurance Provider:** c
- **Billing Amount:** 35777
- **Room Number:** 263
- **Admission Type:** a
- **Discharge Date:** 2021-07-01
- **Medication:** e
- **Test Results:** a

### Respondent 14

- **Age:** 85
- **Gender:** a
- **Blood Type:** e
- **Medical Condition:** b
- **Date of Admission:** 2023-10-03
- **Doctor:** DOC_14
- **Hospital:** HOSP_14
- **Insurance Provider:** c
- **Billing Amount:** 21186
- **Room Number:** 255
- **Admission Type:** a
- **Discharge Date:** 2023-09-11
- **Medication:** b
- **Test Results:** b

### Respondent 65

- **Age:** 33
- **Gender:** a
- **Blood Type:** g
- **Medical Condition:** e
- **Date of Admission:** 2021-12-28
- **Doctor:** DOC_65
- **Hospital:** HOSP_65
- **Insurance Provider:** c
- **Billing Amount:** 29851
- **Room Number:** 211
- **Admission Type:** a
- **Discharge Date:** 2021-12-09
- **Medication:** d
- **Test Results:** c

### Respondent 123

- **Age:** 30
- **Gender:** a
- **Blood Type:** d
- **Medical Condition:** c
- **Date of Admission:** 2019-10-13
- **Doctor:** DOC_123
- **Hospital:** HOSP_123
- **Insurance Provider:** a
- **Billing Amount:** 1586
- **Room Number:** 328
- **Admission Type:** c
- **Discharge Date:** 2019-12-21
- **Medication:** e
- **Test Results:** c

### Respondent 30

- **Age:** 25
- **Gender:** a
- **Blood Type:** f
- **Medical Condition:** b
- **Date of Admission:** 2023-05-24
- **Doctor:** DOC_30
- **Hospital:** HOSP_30
- **Insurance Provider:** d
- **Billing Amount:** 10301
- **Room Number:** 272
- **Admission Type:** b
- **Discharge Date:** 2023-06-15
- **Medication:** b
- **Test Results:** a

### Respondent 17

- **Age:** 19
- **Gender:** a
- **Blood Type:** e
- **Medical Condition:** c
- **Date of Admission:** 2021-07-03
- **Doctor:** DOC_17
- **Hospital:** HOSP_17
- **Insurance Provider:** d
- **Billing Amount:** 34774
- **Room Number:** 182
- **Admission Type:** a
- **Discharge Date:** 2021-08-12
- **Medication:** b
- **Test Results:** a

### Respondent 103

- **Age:** 81
- **Gender:** b
- **Blood Type:** c
- **Medical Condition:** f
- **Date of Admission:** 2023-10-11
- **Doctor:** DOC_103
- **Hospital:** HOSP_103
- **Insurance Provider:** d
- **Billing Amount:** 17840
- **Room Number:** 138
- **Admission Type:** b
- **Discharge Date:** 2024-01-19
- **Medication:** e
- **Test Results:** a

### Respondent 126

- **Age:** 20
- **Gender:** b
- **Blood Type:** g
- **Medical Condition:** a
- **Date of Admission:** 2021-01-03
- **Doctor:** DOC_126
- **Hospital:** HOSP_126
- **Insurance Provider:** b
- **Billing Amount:** 33682
- **Room Number:** 321
- **Admission Type:** b
- **Discharge Date:** 2020-12-08
- **Medication:** b
- **Test Results:** a

### Respondent 19

- **Age:** 55
- **Gender:** a
- **Blood Type:** a
- **Medical Condition:** c
- **Date of Admission:** 2023-01-07
- **Doctor:** DOC_19
- **Hospital:** HOSP_19
- **Insurance Provider:** c
- **Billing Amount:** 10352
- **Room Number:** 333
- **Admission Type:** b
- **Discharge Date:** 2022-10-09
- **Medication:** d
- **Test Results:** c

### Respondent 148

- **Age:** 20
- **Gender:** b
- **Blood Type:** g
- **Medical Condition:** e
- **Date of Admission:** 2023-08-17
- **Doctor:** DOC_148
- **Hospital:** HOSP_148
- **Insurance Provider:** e
- **Billing Amount:** 28838
- **Room Number:** 177
- **Admission Type:** c
- **Discharge Date:** 2023-10-12
- **Medication:** b
- **Test Results:** a

",None,"<example>
List all respondents with doctor = 'DOC_107' and hospital = 'HOSP_148'.

DATA:

# Survey Data

## Questions

- **Age:** What is your age? [Open-ended]
- **Gender:** What is your gender? [MCQ: A. Female B. Male]
- **Blood Type:** What is your blood type? [MCQ: A. A+ B. A- C. AB+ D. AB- E. B+ F. B- G. O+ H. O-]
- **Medical Condition:** What is your medical condition? [MCQ: A. Arthritis B. Asthma C. Cancer D. Diabetes E. Hypertension F. Obesity]
- **Date of Admission:** What is your date of admission? [Open-ended]
- **Doctor:** What is your doctor? [Open-ended]
- **Hospital:** What is your hospital? [Open-ended]
- **Insurance Provider:** What is your insurance provider? [MCQ: A. Aetna B. Blue Cross C. Cigna D. Medicare E. UnitedHealthcare]
- **Billing Amount:** What is your billing amount? [Open-ended]
- **Room Number:** What is your room number? [Open-ended]
- **Admission Type:** What is your admission type? [MCQ: A. Elective B. Emergency C. Urgent]
- **Discharge Date:** What is your discharge date? [Open-ended]
- **Medication:** What is your medication? [MCQ: A. Aspirin B. Ibuprofen C. Lipitor D. Paracetamol E. Penicillin]
- **Test Results:** What is your test results? [MCQ: A. Abnormal B. Inconclusive C. Normal]

## Responses

### Respondent 48

- **Age:** 53
- **Gender:** b
- **Blood Type:** d
- **Medical Condition:** e
- **Date of Admission:** 2021-05-14
- **Doctor:** DOC_48
- **Hospital:** HOSP_48
- **Insurance Provider:** c
- **Billing Amount:** 35777
- **Room Number:** 263
- **Admission Type:** a
- **Discharge Date:** 2021-07-01
- **Medication:** e
- **Test Results:** a

### Respondent 14

- **Age:** 85
- **Gender:** a
- **Blood Type:** e
- **Medical Condition:** b
- **Date of Admission:** 2023-10-03
- **Doctor:** DOC_14
- **Hospital:** HOSP_14
- **Insurance Provider:** c
- **Billing Amount:** 21186
- **Room Number:** 255
- **Admission Type:** a
- **Discharge Date:** 2023-09-11
- **Medication:** b
- **Test Results:** b

### Respondent 65

- **Age:** 33
- **Gender:** a
- **Blood Type:** g
- **Medical Condition:** e
- **Date of Admission:** 2021-12-28
- **Doctor:** DOC_65
- **Hospital:** HOSP_65
- **Insurance Provider:** c
- **Billing Amount:** 29851
- **Room Number:** 211
- **Admission Type:** a
- **Discharge Date:** 2021-12-09
- **Medication:** d
- **Test Results:** c

### Respondent 123

- **Age:** 30
- **Gender:** a
- **Blood Type:** d
- **Medical Condition:** c
- **Date of Admission:** 2019-10-13
- **Doctor:** DOC_123
- **Hospital:** HOSP_123
- **Insurance Provider:** a
- **Billing Amount:** 1586
- **Room Number:** 328
- **Admission Type:** c
- **Discharge Date:** 2019-12-21
- **Medication:** e
- **Test Results:** c

### Respondent 30

- **Age:** 25
- **Gender:** a
- **Blood Type:** f
- **Medical Condition:** b
- **Date of Admission:** 2023-05-24
- **Doctor:** DOC_30
- **Hospital:** HOSP_30
- **Insurance Provider:** d
- **Billing Amount:** 10301
- **Room Number:** 272
- **Admission Type:** b
- **Discharge Date:** 2023-06-15
- **Medication:** b
- **Test Results:** a

### Respondent 17

- **Age:** 19
- **Gender:** a
- **Blood Type:** e
- **Medical Condition:** c
- **Date of Admission:** 2021-07-03
- **Doctor:** DOC_17
- **Hospital:** HOSP_17
- **Insurance Provider:** d
- **Billing Amount:** 34774
- **Room Number:** 182
- **Admission Type:** a
- **Discharge Date:** 2021-08-12
- **Medication:** b
- **Test Results:** a

### Respondent 103

- **Age:** 81
- **Gender:** b
- **Blood Type:** c
- **Medical Condition:** f
- **Date of Admission:** 2023-10-11
- **Doctor:** DOC_103
- **Hospital:** HOSP_103
- **Insurance Provider:** d
- **Billing Amount:** 17840
- **Room Number:** 138
- **Admission Type:** b
- **Discharge Date:** 2024-01-19
- **Medication:** e
- **Test Results:** a

### Respondent 126

- **Age:** 20
- **Gender:** b
- **Blood Type:** g
- **Medical Condition:** a
- **Date of Admission:** 2021-01-03
- **Doctor:** DOC_126
- **Hospital:** HOSP_126
- **Insurance Provider:** b
- **Billing Amount:** 33682
- **Room Number:** 321
- **Admission Type:** b
- **Discharge Date:** 2020-12-08
- **Medication:** b
- **Test Results:** a

### Respondent 19

- **Age:** 55
- **Gender:** a
- **Blood Type:** a
- **Medical Condition:** c
- **Date of Admission:** 2023-01-07
- **Doctor:** DOC_19
- **Hospital:** HOSP_19
- **Insurance Provider:** c
- **Billing Amount:** 10352
- **Room Number:** 333
- **Admission Type:** b
- **Discharge Date:** 2022-10-09
- **Medication:** d
- **Test Results:** c

### Respondent 148

- **Age:** 20
- **Gender:** b
- **Blood Type:** g
- **Medical Condition:** e
- **Date of Admission:** 2023-08-17
- **Doctor:** DOC_148
- **Hospital:** HOSP_148
- **Insurance Provider:** e
- **Billing Amount:** 28838
- **Room Number:** 177
- **Admission Type:** c
- **Discharge Date:** 2023-10-12
- **Medication:** b
- **Test Results:** a



Answer: None
</example>

<questionnaire>
# Survey Data

## Questions

- **Age:** What is your age? [Open-ended]
- **Gender:** What is your gender? [MCQ: A. Female B. Male]
- **Blood Type:** What is your blood type? [MCQ: A. A+ B. A- C. AB+ D. AB- E. B+ F. B- G. O+ H. O-]
- **Medical Condition:** What is your medical condition? [MCQ: A. Arthritis B. Asthma C. Cancer D. Diabetes E. Hypertension F. Obesity]
- **Date of Admission:** What is your date of admission? [Open-ended]
- **Doctor:** What is your doctor? [Open-ended]
- **Hospital:** What is your hospital? [Open-ended]
- **Insurance Provider:** What is your insurance provider? [MCQ: A. Aetna B. Blue Cross C. Cigna D. Medicare E. UnitedHealthcare]
- **Billing Amount:** What is your billing amount? [Open-ended]
- **Room Number:** What is your room number? [Open-ended]
- **Admission Type:** What is your admission type? [MCQ: A. Elective B. Emergency C. Urgent]
- **Discharge Date:** What is your discharge date? [Open-ended]
- **Medication:** What is your medication? [MCQ: A. Aspirin B. Ibuprofen C. Lipitor D. Paracetamol E. Penicillin]
- **Test Results:** What is your test results? [MCQ: A. Abnormal B. Inconclusive C. Normal]

## Responses

### Respondent 48

- **Age:** 53
- **Gender:** b
- **Blood Type:** d
- **Medical Condition:** e
- **Date of Admission:** 2021-05-14
- **Doctor:** DOC_48
- **Hospital:** HOSP_48
- **Insurance Provider:** c
- **Billing Amount:** 35777
- **Room Number:** 263
- **Admission Type:** a
- **Discharge Date:** 2021-07-01
- **Medication:** e
- **Test Results:** a

### Respondent 14

- **Age:** 85
- **Gender:** a
- **Blood Type:** e
- **Medical Condition:** b
- **Date of Admission:** 2023-10-03
- **Doctor:** DOC_14
- **Hospital:** HOSP_14
- **Insurance Provider:** c
- **Billing Amount:** 21186
- **Room Number:** 255
- **Admission Type:** a
- **Discharge Date:** 2023-09-11
- **Medication:** b
- **Test Results:** b

### Respondent 65

- **Age:** 33
- **Gender:** a
- **Blood Type:** g
- **Medical Condition:** e
- **Date of Admission:** 2021-12-28
- **Doctor:** DOC_65
- **Hospital:** HOSP_65
- **Insurance Provider:** c
- **Billing Amount:** 29851
- **Room Number:** 211
- **Admission Type:** a
- **Discharge Date:** 2021-12-09
- **Medication:** d
- **Test Results:** c

### Respondent 123

- **Age:** 30
- **Gender:** a
- **Blood Type:** d
- **Medical Condition:** c
- **Date of Admission:** 2019-10-13
- **Doctor:** DOC_123
- **Hospital:** HOSP_123
- **Insurance Provider:** a
- **Billing Amount:** 1586
- **Room Number:** 328
- **Admission Type:** c
- **Discharge Date:** 2019-12-21
- **Medication:** e
- **Test Results:** c

### Respondent 30

- **Age:** 25
- **Gender:** a
- **Blood Type:** f
- **Medical Condition:** b
- **Date of Admission:** 2023-05-24
- **Doctor:** DOC_30
- **Hospital:** HOSP_30
- **Insurance Provider:** d
- **Billing Amount:** 10301
- **Room Number:** 272
- **Admission Type:** b
- **Discharge Date:** 2023-06-15
- **Medication:** b
- **Test Results:** a

### Respondent 17

- **Age:** 19
- **Gender:** a
- **Blood Type:** e
- **Medical Condition:** c
- **Date of Admission:** 2021-07-03
- **Doctor:** DOC_17
- **Hospital:** HOSP_17
- **Insurance Provider:** d
- **Billing Amount:** 34774
- **Room Number:** 182
- **Admission Type:** a
- **Discharge Date:** 2021-08-12
- **Medication:** b
- **Test Results:** a

### Respondent 103

- **Age:** 81
- **Gender:** b
- **Blood Type:** c
- **Medical Condition:** f
- **Date of Admission:** 2023-10-11
- **Doctor:** DOC_103
- **Hospital:** HOSP_103
- **Insurance Provider:** d
- **Billing Amount:** 17840
- **Room Number:** 138
- **Admission Type:** b
- **Discharge Date:** 2024-01-19
- **Medication:** e
- **Test Results:** a

### Respondent 126

- **Age:** 20
- **Gender:** b
- **Blood Type:** g
- **Medical Condition:** a
- **Date of Admission:** 2021-01-03
- **Doctor:** DOC_126
- **Hospital:** HOSP_126
- **Insurance Provider:** b
- **Billing Amount:** 33682
- **Room Number:** 321
- **Admission Type:** b
- **Discharge Date:** 2020-12-08
- **Medication:** b
- **Test Results:** a

### Respondent 19

- **Age:** 55
- **Gender:** a
- **Blood Type:** a
- **Medical Condition:** c
- **Date of Admission:** 2023-01-07
- **Doctor:** DOC_19
- **Hospital:** HOSP_19
- **Insurance Provider:** c
- **Billing Amount:** 10352
- **Room Number:** 333
- **Admission Type:** b
- **Discharge Date:** 2022-10-09
- **Medication:** d
- **Test Results:** c

### Respondent 148

- **Age:** 20
- **Gender:** b
- **Blood Type:** g
- **Medical Condition:** e
- **Date of Admission:** 2023-08-17
- **Doctor:** DOC_148
- **Hospital:** HOSP_148
- **Insurance Provider:** e
- **Billing Amount:** 28838
- **Room Number:** 177
- **Admission Type:** c
- **Discharge Date:** 2023-10-12
- **Medication:** b
- **Test Results:** a


</questionnaire>

<role>
You are a meticulous data analyst AI. Your primary function is to accurately analyze structured data and provide precise, verifiable answers.
</role>

<format>
You will be given a dataset with two key parts:

A 'questions' section: This is your data dictionary or schema. It is the single source of truth for understanding what each field and score means. Refer to it carefully.

A 'responses' section: This contains the raw data from each individual respondent.

To answer the question correctly, you must first use the 'questions' schema to fully understand the context and meaning of the data points within the 'responses'. Do not rely on any prior knowledge outside of this provided data. Base your entire analysis on the information given.
</format>

<output>
Provide your final answer directly and concisely. Output must be the human-readable value, not an option code.

Rules:
- For MCQ fields, map any letter codes in the Responses (case-insensitive) to the corresponding option text from the Questions schema, and output only that text. Do NOT include the letter or both.
  Example: If the schema is ""[MCQ: A. Abnormal B. Inconclusive C. Normal]"" and the response is ""a"", output ""Abnormal"".
- For open-ended fields, output the exact text value.
- If the question asks for a count, provide only the number (e.g., ""42"").
- If the question asks for a list of names or IDs, provide a simple comma-separated list (e.g., ""17, 21, 23"").
- Preserve capitalization exactly as in the schema (e.g., output ""Abnormal"", not ""abnormal"" or ""A"").
</output>

<task>
List all respondents who are treated by the same doctor as the patient in room '272' and were admitted for the same admission type.
</task>","To solve this, we first identify the patient in room '272' and their associated doctor and admission type.

### Respondent in Room 272:
- **Respondent 30**
  - **Doctor:** DOC_30
  - **Admission Type:** B. Emergency

Now, we find all respondents with:
- **Doctor = DOC_30**
- **Admission Type = Emergency**

From the dataset, only **Respondent 30** matches these criteria.

### Final Answer:
30",False
case_29,answer_reverse_lookup,Which respondents have a calculated length of stay greater than 17 days and do not have a medical condition of 'Diabetes'?,"# Survey Data

## Questions

- **Age:** What is your age? [Open-ended]
- **Gender:** What is your gender? [MCQ: A. Female B. Male]
- **Blood Type:** What is your blood type? [MCQ: A. A+ B. A- C. AB+ D. AB- E. B+ F. B- G. O+ H. O-]
- **Medical Condition:** What is your medical condition? [MCQ: A. Arthritis B. Asthma C. Cancer D. Diabetes E. Hypertension F. Obesity]
- **Date of Admission:** What is your date of admission? [Open-ended]
- **Doctor:** What is your doctor? [Open-ended]
- **Hospital:** What is your hospital? [Open-ended]
- **Insurance Provider:** What is your insurance provider? [MCQ: A. Aetna B. Blue Cross C. Cigna D. Medicare E. UnitedHealthcare]
- **Billing Amount:** What is your billing amount? [Open-ended]
- **Room Number:** What is your room number? [Open-ended]
- **Admission Type:** What is your admission type? [MCQ: A. Elective B. Emergency C. Urgent]
- **Discharge Date:** What is your discharge date? [Open-ended]
- **Medication:** What is your medication? [MCQ: A. Aspirin B. Ibuprofen C. Lipitor D. Paracetamol E. Penicillin]
- **Test Results:** What is your test results? [MCQ: A. Abnormal B. Inconclusive C. Normal]

## Responses

### Respondent 39

- **Age:** 27
- **Gender:** b
- **Blood Type:** d
- **Medical Condition:** d
- **Date of Admission:** 2021-10-08
- **Doctor:** DOC_39
- **Hospital:** HOSP_39
- **Insurance Provider:** a
- **Billing Amount:** 45453
- **Room Number:** 255
- **Admission Type:** c
- **Discharge Date:** 2021-10-05
- **Medication:** e
- **Test Results:** a

### Respondent 145

- **Age:** 68
- **Gender:** b
- **Blood Type:** c
- **Medical Condition:** e
- **Date of Admission:** 2020-11-03
- **Doctor:** DOC_145
- **Hospital:** HOSP_145
- **Insurance Provider:** a
- **Billing Amount:** 46430
- **Room Number:** 144
- **Admission Type:** c
- **Discharge Date:** 2020-09-04
- **Medication:** e
- **Test Results:** a

### Respondent 78

- **Age:** 38
- **Gender:** b
- **Blood Type:** e
- **Medical Condition:** d
- **Date of Admission:** 2024-01-13
- **Doctor:** DOC_78
- **Hospital:** HOSP_78
- **Insurance Provider:** d
- **Billing Amount:** 23068
- **Room Number:** 310
- **Admission Type:** c
- **Discharge Date:** 2024-01-22
- **Medication:** a
- **Test Results:** b

### Respondent 22

- **Age:** 57
- **Gender:** b
- **Blood Type:** g
- **Medical Condition:** a
- **Date of Admission:** 2022-06-21
- **Doctor:** DOC_22
- **Hospital:** HOSP_22
- **Insurance Provider:** a
- **Billing Amount:** 5998
- **Room Number:** 325
- **Admission Type:** c
- **Discharge Date:** 2022-04-13
- **Medication:** c
- **Test Results:** b

### Respondent 64

- **Age:** 74
- **Gender:** a
- **Blood Type:** a
- **Medical Condition:** d
- **Date of Admission:** 2019-12-09
- **Doctor:** DOC_64
- **Hospital:** HOSP_64
- **Insurance Provider:** c
- **Billing Amount:** 45354
- **Room Number:** 135
- **Admission Type:** a
- **Discharge Date:** 2020-02-09
- **Medication:** e
- **Test Results:** a

",None,"<example>
List all respondents with doctor = 'DOC_107' and hospital = 'HOSP_148'.

DATA:

# Survey Data

## Questions

- **Age:** What is your age? [Open-ended]
- **Gender:** What is your gender? [MCQ: A. Female B. Male]
- **Blood Type:** What is your blood type? [MCQ: A. A+ B. A- C. AB+ D. AB- E. B+ F. B- G. O+ H. O-]
- **Medical Condition:** What is your medical condition? [MCQ: A. Arthritis B. Asthma C. Cancer D. Diabetes E. Hypertension F. Obesity]
- **Date of Admission:** What is your date of admission? [Open-ended]
- **Doctor:** What is your doctor? [Open-ended]
- **Hospital:** What is your hospital? [Open-ended]
- **Insurance Provider:** What is your insurance provider? [MCQ: A. Aetna B. Blue Cross C. Cigna D. Medicare E. UnitedHealthcare]
- **Billing Amount:** What is your billing amount? [Open-ended]
- **Room Number:** What is your room number? [Open-ended]
- **Admission Type:** What is your admission type? [MCQ: A. Elective B. Emergency C. Urgent]
- **Discharge Date:** What is your discharge date? [Open-ended]
- **Medication:** What is your medication? [MCQ: A. Aspirin B. Ibuprofen C. Lipitor D. Paracetamol E. Penicillin]
- **Test Results:** What is your test results? [MCQ: A. Abnormal B. Inconclusive C. Normal]

## Responses

### Respondent 39

- **Age:** 27
- **Gender:** b
- **Blood Type:** d
- **Medical Condition:** d
- **Date of Admission:** 2021-10-08
- **Doctor:** DOC_39
- **Hospital:** HOSP_39
- **Insurance Provider:** a
- **Billing Amount:** 45453
- **Room Number:** 255
- **Admission Type:** c
- **Discharge Date:** 2021-10-05
- **Medication:** e
- **Test Results:** a

### Respondent 145

- **Age:** 68
- **Gender:** b
- **Blood Type:** c
- **Medical Condition:** e
- **Date of Admission:** 2020-11-03
- **Doctor:** DOC_145
- **Hospital:** HOSP_145
- **Insurance Provider:** a
- **Billing Amount:** 46430
- **Room Number:** 144
- **Admission Type:** c
- **Discharge Date:** 2020-09-04
- **Medication:** e
- **Test Results:** a

### Respondent 78

- **Age:** 38
- **Gender:** b
- **Blood Type:** e
- **Medical Condition:** d
- **Date of Admission:** 2024-01-13
- **Doctor:** DOC_78
- **Hospital:** HOSP_78
- **Insurance Provider:** d
- **Billing Amount:** 23068
- **Room Number:** 310
- **Admission Type:** c
- **Discharge Date:** 2024-01-22
- **Medication:** a
- **Test Results:** b

### Respondent 22

- **Age:** 57
- **Gender:** b
- **Blood Type:** g
- **Medical Condition:** a
- **Date of Admission:** 2022-06-21
- **Doctor:** DOC_22
- **Hospital:** HOSP_22
- **Insurance Provider:** a
- **Billing Amount:** 5998
- **Room Number:** 325
- **Admission Type:** c
- **Discharge Date:** 2022-04-13
- **Medication:** c
- **Test Results:** b

### Respondent 64

- **Age:** 74
- **Gender:** a
- **Blood Type:** a
- **Medical Condition:** d
- **Date of Admission:** 2019-12-09
- **Doctor:** DOC_64
- **Hospital:** HOSP_64
- **Insurance Provider:** c
- **Billing Amount:** 45354
- **Room Number:** 135
- **Admission Type:** a
- **Discharge Date:** 2020-02-09
- **Medication:** e
- **Test Results:** a



Answer: None
</example>

<questionnaire>
# Survey Data

## Questions

- **Age:** What is your age? [Open-ended]
- **Gender:** What is your gender? [MCQ: A. Female B. Male]
- **Blood Type:** What is your blood type? [MCQ: A. A+ B. A- C. AB+ D. AB- E. B+ F. B- G. O+ H. O-]
- **Medical Condition:** What is your medical condition? [MCQ: A. Arthritis B. Asthma C. Cancer D. Diabetes E. Hypertension F. Obesity]
- **Date of Admission:** What is your date of admission? [Open-ended]
- **Doctor:** What is your doctor? [Open-ended]
- **Hospital:** What is your hospital? [Open-ended]
- **Insurance Provider:** What is your insurance provider? [MCQ: A. Aetna B. Blue Cross C. Cigna D. Medicare E. UnitedHealthcare]
- **Billing Amount:** What is your billing amount? [Open-ended]
- **Room Number:** What is your room number? [Open-ended]
- **Admission Type:** What is your admission type? [MCQ: A. Elective B. Emergency C. Urgent]
- **Discharge Date:** What is your discharge date? [Open-ended]
- **Medication:** What is your medication? [MCQ: A. Aspirin B. Ibuprofen C. Lipitor D. Paracetamol E. Penicillin]
- **Test Results:** What is your test results? [MCQ: A. Abnormal B. Inconclusive C. Normal]

## Responses

### Respondent 39

- **Age:** 27
- **Gender:** b
- **Blood Type:** d
- **Medical Condition:** d
- **Date of Admission:** 2021-10-08
- **Doctor:** DOC_39
- **Hospital:** HOSP_39
- **Insurance Provider:** a
- **Billing Amount:** 45453
- **Room Number:** 255
- **Admission Type:** c
- **Discharge Date:** 2021-10-05
- **Medication:** e
- **Test Results:** a

### Respondent 145

- **Age:** 68
- **Gender:** b
- **Blood Type:** c
- **Medical Condition:** e
- **Date of Admission:** 2020-11-03
- **Doctor:** DOC_145
- **Hospital:** HOSP_145
- **Insurance Provider:** a
- **Billing Amount:** 46430
- **Room Number:** 144
- **Admission Type:** c
- **Discharge Date:** 2020-09-04
- **Medication:** e
- **Test Results:** a

### Respondent 78

- **Age:** 38
- **Gender:** b
- **Blood Type:** e
- **Medical Condition:** d
- **Date of Admission:** 2024-01-13
- **Doctor:** DOC_78
- **Hospital:** HOSP_78
- **Insurance Provider:** d
- **Billing Amount:** 23068
- **Room Number:** 310
- **Admission Type:** c
- **Discharge Date:** 2024-01-22
- **Medication:** a
- **Test Results:** b

### Respondent 22

- **Age:** 57
- **Gender:** b
- **Blood Type:** g
- **Medical Condition:** a
- **Date of Admission:** 2022-06-21
- **Doctor:** DOC_22
- **Hospital:** HOSP_22
- **Insurance Provider:** a
- **Billing Amount:** 5998
- **Room Number:** 325
- **Admission Type:** c
- **Discharge Date:** 2022-04-13
- **Medication:** c
- **Test Results:** b

### Respondent 64

- **Age:** 74
- **Gender:** a
- **Blood Type:** a
- **Medical Condition:** d
- **Date of Admission:** 2019-12-09
- **Doctor:** DOC_64
- **Hospital:** HOSP_64
- **Insurance Provider:** c
- **Billing Amount:** 45354
- **Room Number:** 135
- **Admission Type:** a
- **Discharge Date:** 2020-02-09
- **Medication:** e
- **Test Results:** a


</questionnaire>

<role>
You are a meticulous data analyst AI. Your primary function is to accurately analyze structured data and provide precise, verifiable answers.
</role>

<format>
You will be given a dataset with two key parts:

A 'questions' section: This is your data dictionary or schema. It is the single source of truth for understanding what each field and score means. Refer to it carefully.

A 'responses' section: This contains the raw data from each individual respondent.

To answer the question correctly, you must first use the 'questions' schema to fully understand the context and meaning of the data points within the 'responses'. Do not rely on any prior knowledge outside of this provided data. Base your entire analysis on the information given.
</format>

<output>
Provide your final answer directly and concisely. Output must be the human-readable value, not an option code.

Rules:
- For MCQ fields, map any letter codes in the Responses (case-insensitive) to the corresponding option text from the Questions schema, and output only that text. Do NOT include the letter or both.
  Example: If the schema is ""[MCQ: A. Abnormal B. Inconclusive C. Normal]"" and the response is ""a"", output ""Abnormal"".
- For open-ended fields, output the exact text value.
- If the question asks for a count, provide only the number (e.g., ""42"").
- If the question asks for a list of names or IDs, provide a simple comma-separated list (e.g., ""17, 21, 23"").
- Preserve capitalization exactly as in the schema (e.g., output ""Abnormal"", not ""abnormal"" or ""A"").
</output>

<task>
Which respondents have a calculated length of stay greater than 17 days and do not have a medical condition of 'Diabetes'?
</task>",,False
case_30,answer_reverse_lookup,Which respondents have a calculated length of stay greater than 14 days and do not have a medical condition of 'Asthma'?,"# Survey Data

## Questions

- **Age:** What is your age? [Open-ended]
- **Gender:** What is your gender? [MCQ: A. Female B. Male]
- **Blood Type:** What is your blood type? [MCQ: A. A+ B. A- C. AB+ D. AB- E. B+ F. B- G. O+ H. O-]
- **Medical Condition:** What is your medical condition? [MCQ: A. Arthritis B. Asthma C. Cancer D. Diabetes E. Hypertension F. Obesity]
- **Date of Admission:** What is your date of admission? [Open-ended]
- **Doctor:** What is your doctor? [Open-ended]
- **Hospital:** What is your hospital? [Open-ended]
- **Insurance Provider:** What is your insurance provider? [MCQ: A. Aetna B. Blue Cross C. Cigna D. Medicare E. UnitedHealthcare]
- **Billing Amount:** What is your billing amount? [Open-ended]
- **Room Number:** What is your room number? [Open-ended]
- **Admission Type:** What is your admission type? [MCQ: A. Elective B. Emergency C. Urgent]
- **Discharge Date:** What is your discharge date? [Open-ended]
- **Medication:** What is your medication? [MCQ: A. Aspirin B. Ibuprofen C. Lipitor D. Paracetamol E. Penicillin]
- **Test Results:** What is your test results? [MCQ: A. Abnormal B. Inconclusive C. Normal]

## Responses

### Respondent 143

- **Age:** 80
- **Gender:** b
- **Blood Type:** a
- **Medical Condition:** d
- **Date of Admission:** 2022-12-10
- **Doctor:** DOC_143
- **Hospital:** HOSP_143
- **Insurance Provider:** e
- **Billing Amount:** 10107
- **Room Number:** 130
- **Admission Type:** b
- **Discharge Date:** 2022-09-27
- **Medication:** a
- **Test Results:** a

### Respondent 107

- **Age:** 77
- **Gender:** a
- **Blood Type:** g
- **Medical Condition:** d
- **Date of Admission:** 2024-01-31
- **Doctor:** DOC_107
- **Hospital:** HOSP_107
- **Insurance Provider:** a
- **Billing Amount:** 3326
- **Room Number:** 227
- **Admission Type:** a
- **Discharge Date:** 2024-02-02
- **Medication:** a
- **Test Results:** a

### Respondent 58

- **Age:** 58
- **Gender:** b
- **Blood Type:** b
- **Medical Condition:** d
- **Date of Admission:** 2020-05-22
- **Doctor:** DOC_58
- **Hospital:** HOSP_58
- **Insurance Provider:** c
- **Billing Amount:** 37952
- **Room Number:** 414
- **Admission Type:** c
- **Discharge Date:** 2020-06-08
- **Medication:** a
- **Test Results:** c

### Respondent 134

- **Age:** 55
- **Gender:** b
- **Blood Type:** d
- **Medical Condition:** f
- **Date of Admission:** 2021-12-01
- **Doctor:** DOC_134
- **Hospital:** HOSP_134
- **Insurance Provider:** d
- **Billing Amount:** 37910
- **Room Number:** 428
- **Admission Type:** b
- **Discharge Date:** 2022-01-15
- **Medication:** a
- **Test Results:** a

### Respondent 98

- **Age:** 34
- **Gender:** a
- **Blood Type:** e
- **Medical Condition:** b
- **Date of Admission:** 2021-04-17
- **Doctor:** DOC_98
- **Hospital:** HOSP_98
- **Insurance Provider:** e
- **Billing Amount:** 24637
- **Room Number:** 316
- **Admission Type:** a
- **Discharge Date:** 2021-03-11
- **Medication:** b
- **Test Results:** c

### Respondent 116

- **Age:** 84
- **Gender:** a
- **Blood Type:** g
- **Medical Condition:** f
- **Date of Admission:** 2020-06-23
- **Doctor:** DOC_116
- **Hospital:** HOSP_116
- **Insurance Provider:** a
- **Billing Amount:** 40015
- **Room Number:** 211
- **Admission Type:** c
- **Discharge Date:** 2020-06-22
- **Medication:** b
- **Test Results:** c

",None,"<example>
List all respondents with doctor = 'DOC_107' and hospital = 'HOSP_148'.

DATA:

# Survey Data

## Questions

- **Age:** What is your age? [Open-ended]
- **Gender:** What is your gender? [MCQ: A. Female B. Male]
- **Blood Type:** What is your blood type? [MCQ: A. A+ B. A- C. AB+ D. AB- E. B+ F. B- G. O+ H. O-]
- **Medical Condition:** What is your medical condition? [MCQ: A. Arthritis B. Asthma C. Cancer D. Diabetes E. Hypertension F. Obesity]
- **Date of Admission:** What is your date of admission? [Open-ended]
- **Doctor:** What is your doctor? [Open-ended]
- **Hospital:** What is your hospital? [Open-ended]
- **Insurance Provider:** What is your insurance provider? [MCQ: A. Aetna B. Blue Cross C. Cigna D. Medicare E. UnitedHealthcare]
- **Billing Amount:** What is your billing amount? [Open-ended]
- **Room Number:** What is your room number? [Open-ended]
- **Admission Type:** What is your admission type? [MCQ: A. Elective B. Emergency C. Urgent]
- **Discharge Date:** What is your discharge date? [Open-ended]
- **Medication:** What is your medication? [MCQ: A. Aspirin B. Ibuprofen C. Lipitor D. Paracetamol E. Penicillin]
- **Test Results:** What is your test results? [MCQ: A. Abnormal B. Inconclusive C. Normal]

## Responses

### Respondent 143

- **Age:** 80
- **Gender:** b
- **Blood Type:** a
- **Medical Condition:** d
- **Date of Admission:** 2022-12-10
- **Doctor:** DOC_143
- **Hospital:** HOSP_143
- **Insurance Provider:** e
- **Billing Amount:** 10107
- **Room Number:** 130
- **Admission Type:** b
- **Discharge Date:** 2022-09-27
- **Medication:** a
- **Test Results:** a

### Respondent 107

- **Age:** 77
- **Gender:** a
- **Blood Type:** g
- **Medical Condition:** d
- **Date of Admission:** 2024-01-31
- **Doctor:** DOC_107
- **Hospital:** HOSP_107
- **Insurance Provider:** a
- **Billing Amount:** 3326
- **Room Number:** 227
- **Admission Type:** a
- **Discharge Date:** 2024-02-02
- **Medication:** a
- **Test Results:** a

### Respondent 58

- **Age:** 58
- **Gender:** b
- **Blood Type:** b
- **Medical Condition:** d
- **Date of Admission:** 2020-05-22
- **Doctor:** DOC_58
- **Hospital:** HOSP_58
- **Insurance Provider:** c
- **Billing Amount:** 37952
- **Room Number:** 414
- **Admission Type:** c
- **Discharge Date:** 2020-06-08
- **Medication:** a
- **Test Results:** c

### Respondent 134

- **Age:** 55
- **Gender:** b
- **Blood Type:** d
- **Medical Condition:** f
- **Date of Admission:** 2021-12-01
- **Doctor:** DOC_134
- **Hospital:** HOSP_134
- **Insurance Provider:** d
- **Billing Amount:** 37910
- **Room Number:** 428
- **Admission Type:** b
- **Discharge Date:** 2022-01-15
- **Medication:** a
- **Test Results:** a

### Respondent 98

- **Age:** 34
- **Gender:** a
- **Blood Type:** e
- **Medical Condition:** b
- **Date of Admission:** 2021-04-17
- **Doctor:** DOC_98
- **Hospital:** HOSP_98
- **Insurance Provider:** e
- **Billing Amount:** 24637
- **Room Number:** 316
- **Admission Type:** a
- **Discharge Date:** 2021-03-11
- **Medication:** b
- **Test Results:** c

### Respondent 116

- **Age:** 84
- **Gender:** a
- **Blood Type:** g
- **Medical Condition:** f
- **Date of Admission:** 2020-06-23
- **Doctor:** DOC_116
- **Hospital:** HOSP_116
- **Insurance Provider:** a
- **Billing Amount:** 40015
- **Room Number:** 211
- **Admission Type:** c
- **Discharge Date:** 2020-06-22
- **Medication:** b
- **Test Results:** c



Answer: None
</example>

<questionnaire>
# Survey Data

## Questions

- **Age:** What is your age? [Open-ended]
- **Gender:** What is your gender? [MCQ: A. Female B. Male]
- **Blood Type:** What is your blood type? [MCQ: A. A+ B. A- C. AB+ D. AB- E. B+ F. B- G. O+ H. O-]
- **Medical Condition:** What is your medical condition? [MCQ: A. Arthritis B. Asthma C. Cancer D. Diabetes E. Hypertension F. Obesity]
- **Date of Admission:** What is your date of admission? [Open-ended]
- **Doctor:** What is your doctor? [Open-ended]
- **Hospital:** What is your hospital? [Open-ended]
- **Insurance Provider:** What is your insurance provider? [MCQ: A. Aetna B. Blue Cross C. Cigna D. Medicare E. UnitedHealthcare]
- **Billing Amount:** What is your billing amount? [Open-ended]
- **Room Number:** What is your room number? [Open-ended]
- **Admission Type:** What is your admission type? [MCQ: A. Elective B. Emergency C. Urgent]
- **Discharge Date:** What is your discharge date? [Open-ended]
- **Medication:** What is your medication? [MCQ: A. Aspirin B. Ibuprofen C. Lipitor D. Paracetamol E. Penicillin]
- **Test Results:** What is your test results? [MCQ: A. Abnormal B. Inconclusive C. Normal]

## Responses

### Respondent 143

- **Age:** 80
- **Gender:** b
- **Blood Type:** a
- **Medical Condition:** d
- **Date of Admission:** 2022-12-10
- **Doctor:** DOC_143
- **Hospital:** HOSP_143
- **Insurance Provider:** e
- **Billing Amount:** 10107
- **Room Number:** 130
- **Admission Type:** b
- **Discharge Date:** 2022-09-27
- **Medication:** a
- **Test Results:** a

### Respondent 107

- **Age:** 77
- **Gender:** a
- **Blood Type:** g
- **Medical Condition:** d
- **Date of Admission:** 2024-01-31
- **Doctor:** DOC_107
- **Hospital:** HOSP_107
- **Insurance Provider:** a
- **Billing Amount:** 3326
- **Room Number:** 227
- **Admission Type:** a
- **Discharge Date:** 2024-02-02
- **Medication:** a
- **Test Results:** a

### Respondent 58

- **Age:** 58
- **Gender:** b
- **Blood Type:** b
- **Medical Condition:** d
- **Date of Admission:** 2020-05-22
- **Doctor:** DOC_58
- **Hospital:** HOSP_58
- **Insurance Provider:** c
- **Billing Amount:** 37952
- **Room Number:** 414
- **Admission Type:** c
- **Discharge Date:** 2020-06-08
- **Medication:** a
- **Test Results:** c

### Respondent 134

- **Age:** 55
- **Gender:** b
- **Blood Type:** d
- **Medical Condition:** f
- **Date of Admission:** 2021-12-01
- **Doctor:** DOC_134
- **Hospital:** HOSP_134
- **Insurance Provider:** d
- **Billing Amount:** 37910
- **Room Number:** 428
- **Admission Type:** b
- **Discharge Date:** 2022-01-15
- **Medication:** a
- **Test Results:** a

### Respondent 98

- **Age:** 34
- **Gender:** a
- **Blood Type:** e
- **Medical Condition:** b
- **Date of Admission:** 2021-04-17
- **Doctor:** DOC_98
- **Hospital:** HOSP_98
- **Insurance Provider:** e
- **Billing Amount:** 24637
- **Room Number:** 316
- **Admission Type:** a
- **Discharge Date:** 2021-03-11
- **Medication:** b
- **Test Results:** c

### Respondent 116

- **Age:** 84
- **Gender:** a
- **Blood Type:** g
- **Medical Condition:** f
- **Date of Admission:** 2020-06-23
- **Doctor:** DOC_116
- **Hospital:** HOSP_116
- **Insurance Provider:** a
- **Billing Amount:** 40015
- **Room Number:** 211
- **Admission Type:** c
- **Discharge Date:** 2020-06-22
- **Medication:** b
- **Test Results:** c


</questionnaire>

<role>
You are a meticulous data analyst AI. Your primary function is to accurately analyze structured data and provide precise, verifiable answers.
</role>

<format>
You will be given a dataset with two key parts:

A 'questions' section: This is your data dictionary or schema. It is the single source of truth for understanding what each field and score means. Refer to it carefully.

A 'responses' section: This contains the raw data from each individual respondent.

To answer the question correctly, you must first use the 'questions' schema to fully understand the context and meaning of the data points within the 'responses'. Do not rely on any prior knowledge outside of this provided data. Base your entire analysis on the information given.
</format>

<output>
Provide your final answer directly and concisely. Output must be the human-readable value, not an option code.

Rules:
- For MCQ fields, map any letter codes in the Responses (case-insensitive) to the corresponding option text from the Questions schema, and output only that text. Do NOT include the letter or both.
  Example: If the schema is ""[MCQ: A. Abnormal B. Inconclusive C. Normal]"" and the response is ""a"", output ""Abnormal"".
- For open-ended fields, output the exact text value.
- If the question asks for a count, provide only the number (e.g., ""42"").
- If the question asks for a list of names or IDs, provide a simple comma-separated list (e.g., ""17, 21, 23"").
- Preserve capitalization exactly as in the schema (e.g., output ""Abnormal"", not ""abnormal"" or ""A"").
</output>

<task>
Which respondents have a calculated length of stay greater than 14 days and do not have a medical condition of 'Asthma'?
</task>","To determine the respondents with a calculated length of stay greater than 14 days and who do not have a medical condition of 'Asthma', we need to:

1. Calculate the length of stay for each respondent by subtracting the **Date of Admission** from the **Discharge Date**.
2. Exclude respondents with a medical condition of 'Asthma'.
3. Include only those with a length of stay greater than 14 days.

### Calculations:

#### Respondent 143
- **Date of Admission:** 2022-12-10
- **Discharge Date:** 2022-09-27
- **Length of Stay:** 2022-09-27 is before 2022-12-10, so this is invalid (likely a data error).
- **Medical Condition:** d → **Diabetes**
- **Excluded** (invalid date).

#### Respondent 107
- **Date of Admission:** 2024-01-31
- **Discharge Date:** 2024-02-02
- **Length of Stay:** 2 days
- **Medical Condition:** d → **Diabetes**
- **Excluded** (length of stay < 14 days).

#### Respondent 58
- **Date of Admission:** 2020-05-22
- **Discharge Date:** 2020-06-08
- **Length of Stay:** 17 days
- **Medical Condition:** d → **Diabetes**
- **Included** (length of stay > 14 days and not Asthma).

#### Respondent 134
- **Date of Admission:** 2021-12-01
- **Discharge Date:** 2022-01-15
- **Length of Stay:** 45 days
- **Medical Condition:** f → **Obesity**
- **Included** (length of stay > 14 days and not Asthma).

#### Respondent 98
- **Date of Admission:** 2021-04-17
- **Discharge Date:** 2021-03-11
- **Length of Stay:** 2021-03-11 is before 2021-04-17, so this is invalid (likely a data error).
- **Medical Condition:** b → **Asthma**
- **Excluded** (invalid date and Asthma).

#### Respondent 116
- **Date of Admission:** 2020-06-23
- **Discharge Date:** 2020-06-22
- **Length of Stay:** 2020-06-22 is before 2020-06-23, so this is invalid (likely a data error).
- **Medical Condition:** f → **Obesity**
- **Excluded** (invalid date).

### Final Answer:
Respondent 58, Respondent 134",False
case_31,answer_reverse_lookup,Which respondents have a calculated length of stay greater than 18 days and do not have a medical condition of 'Diabetes'?,"# Survey Data

## Questions

- **Age:** What is your age? [Open-ended]
- **Gender:** What is your gender? [MCQ: A. Female B. Male]
- **Blood Type:** What is your blood type? [MCQ: A. A+ B. A- C. AB+ D. AB- E. B+ F. B- G. O+ H. O-]
- **Medical Condition:** What is your medical condition? [MCQ: A. Arthritis B. Asthma C. Cancer D. Diabetes E. Hypertension F. Obesity]
- **Date of Admission:** What is your date of admission? [Open-ended]
- **Doctor:** What is your doctor? [Open-ended]
- **Hospital:** What is your hospital? [Open-ended]
- **Insurance Provider:** What is your insurance provider? [MCQ: A. Aetna B. Blue Cross C. Cigna D. Medicare E. UnitedHealthcare]
- **Billing Amount:** What is your billing amount? [Open-ended]
- **Room Number:** What is your room number? [Open-ended]
- **Admission Type:** What is your admission type? [MCQ: A. Elective B. Emergency C. Urgent]
- **Discharge Date:** What is your discharge date? [Open-ended]
- **Medication:** What is your medication? [MCQ: A. Aspirin B. Ibuprofen C. Lipitor D. Paracetamol E. Penicillin]
- **Test Results:** What is your test results? [MCQ: A. Abnormal B. Inconclusive C. Normal]

## Responses

### Respondent 77

- **Age:** 59
- **Gender:** b
- **Blood Type:** b
- **Medical Condition:** b
- **Date of Admission:** 2024-04-05
- **Doctor:** DOC_77
- **Hospital:** HOSP_77
- **Insurance Provider:** e
- **Billing Amount:** 39958
- **Room Number:** 233
- **Admission Type:** b
- **Discharge Date:** 2024-02-10
- **Medication:** b
- **Test Results:** b

### Respondent 110

- **Age:** 85
- **Gender:** b
- **Blood Type:** e
- **Medical Condition:** f
- **Date of Admission:** 2019-12-12
- **Doctor:** DOC_110
- **Hospital:** HOSP_110
- **Insurance Provider:** a
- **Billing Amount:** 24948
- **Room Number:** 368
- **Admission Type:** a
- **Discharge Date:** 2019-08-21
- **Medication:** d
- **Test Results:** b

### Respondent 79

- **Age:** 43
- **Gender:** a
- **Blood Type:** d
- **Medical Condition:** b
- **Date of Admission:** 2021-01-07
- **Doctor:** DOC_79
- **Hospital:** HOSP_79
- **Insurance Provider:** a
- **Billing Amount:** 7187
- **Room Number:** 300
- **Admission Type:** c
- **Discharge Date:** 2020-12-18
- **Medication:** b
- **Test Results:** c

### Respondent 146

- **Age:** 34
- **Gender:** a
- **Blood Type:** f
- **Medical Condition:** d
- **Date of Admission:** 2021-03-04
- **Doctor:** DOC_146
- **Hospital:** HOSP_146
- **Insurance Provider:** c
- **Billing Amount:** 1590
- **Room Number:** 245
- **Admission Type:** b
- **Discharge Date:** 2021-02-06
- **Medication:** e
- **Test Results:** b

### Respondent 16

- **Age:** 82
- **Gender:** a
- **Blood Type:** a
- **Medical Condition:** e
- **Date of Admission:** 2020-01-24
- **Doctor:** DOC_16
- **Hospital:** HOSP_16
- **Insurance Provider:** c
- **Billing Amount:** 36992
- **Room Number:** 162
- **Admission Type:** c
- **Discharge Date:** 2019-12-13
- **Medication:** a
- **Test Results:** c

### Respondent 26

- **Age:** 48
- **Gender:** a
- **Blood Type:** c
- **Medical Condition:** d
- **Date of Admission:** 2020-05-04
- **Doctor:** DOC_26
- **Hospital:** HOSP_26
- **Insurance Provider:** d
- **Billing Amount:** 23737
- **Room Number:** 241
- **Admission Type:** a
- **Discharge Date:** 2020-07-14
- **Medication:** b
- **Test Results:** a

### Respondent 54

- **Age:** 83
- **Gender:** a
- **Blood Type:** a
- **Medical Condition:** d
- **Date of Admission:** 2023-12-23
- **Doctor:** DOC_54
- **Hospital:** HOSP_54
- **Insurance Provider:** b
- **Billing Amount:** 10664
- **Room Number:** 388
- **Admission Type:** c
- **Discharge Date:** 2024-02-07
- **Medication:** a
- **Test Results:** a

### Respondent 55

- **Age:** 30
- **Gender:** b
- **Blood Type:** d
- **Medical Condition:** e
- **Date of Admission:** 2024-03-17
- **Doctor:** DOC_55
- **Hospital:** HOSP_55
- **Insurance Provider:** d
- **Billing Amount:** 32562
- **Room Number:** 430
- **Admission Type:** b
- **Discharge Date:** 2024-04-22
- **Medication:** d
- **Test Results:** b

### Respondent 68

- **Age:** 26
- **Gender:** a
- **Blood Type:** g
- **Medical Condition:** c
- **Date of Admission:** 2022-08-22
- **Doctor:** DOC_68
- **Hospital:** HOSP_68
- **Insurance Provider:** b
- **Billing Amount:** 19183
- **Room Number:** 231
- **Admission Type:** c
- **Discharge Date:** 2022-09-18
- **Medication:** b
- **Test Results:** c

### Respondent 21

- **Age:** 57
- **Gender:** b
- **Blood Type:** e
- **Medical Condition:** a
- **Date of Admission:** 2021-11-13
- **Doctor:** DOC_21
- **Hospital:** HOSP_21
- **Insurance Provider:** e
- **Billing Amount:** 45586
- **Room Number:** 251
- **Admission Type:** b
- **Discharge Date:** 2021-08-19
- **Medication:** e
- **Test Results:** b

### Respondent 41

- **Age:** 44
- **Gender:** b
- **Blood Type:** g
- **Medical Condition:** f
- **Date of Admission:** 2021-09-10
- **Doctor:** DOC_41
- **Hospital:** HOSP_41
- **Insurance Provider:** d
- **Billing Amount:** 32974
- **Room Number:** 389
- **Admission Type:** a
- **Discharge Date:** 2021-09-18
- **Medication:** d
- **Test Results:** a

### Respondent 62

- **Age:** 27
- **Gender:** b
- **Blood Type:** g
- **Medical Condition:** c
- **Date of Admission:** 2024-02-22
- **Doctor:** DOC_62
- **Hospital:** HOSP_62
- **Insurance Provider:** d
- **Billing Amount:** 44437
- **Room Number:** 376
- **Admission Type:** a
- **Discharge Date:** 2024-02-04
- **Medication:** b
- **Test Results:** a

",41,"<example>
List all respondents with doctor = 'DOC_107' and hospital = 'HOSP_148'.

DATA:

# Survey Data

## Questions

- **Age:** What is your age? [Open-ended]
- **Gender:** What is your gender? [MCQ: A. Female B. Male]
- **Blood Type:** What is your blood type? [MCQ: A. A+ B. A- C. AB+ D. AB- E. B+ F. B- G. O+ H. O-]
- **Medical Condition:** What is your medical condition? [MCQ: A. Arthritis B. Asthma C. Cancer D. Diabetes E. Hypertension F. Obesity]
- **Date of Admission:** What is your date of admission? [Open-ended]
- **Doctor:** What is your doctor? [Open-ended]
- **Hospital:** What is your hospital? [Open-ended]
- **Insurance Provider:** What is your insurance provider? [MCQ: A. Aetna B. Blue Cross C. Cigna D. Medicare E. UnitedHealthcare]
- **Billing Amount:** What is your billing amount? [Open-ended]
- **Room Number:** What is your room number? [Open-ended]
- **Admission Type:** What is your admission type? [MCQ: A. Elective B. Emergency C. Urgent]
- **Discharge Date:** What is your discharge date? [Open-ended]
- **Medication:** What is your medication? [MCQ: A. Aspirin B. Ibuprofen C. Lipitor D. Paracetamol E. Penicillin]
- **Test Results:** What is your test results? [MCQ: A. Abnormal B. Inconclusive C. Normal]

## Responses

### Respondent 77

- **Age:** 59
- **Gender:** b
- **Blood Type:** b
- **Medical Condition:** b
- **Date of Admission:** 2024-04-05
- **Doctor:** DOC_77
- **Hospital:** HOSP_77
- **Insurance Provider:** e
- **Billing Amount:** 39958
- **Room Number:** 233
- **Admission Type:** b
- **Discharge Date:** 2024-02-10
- **Medication:** b
- **Test Results:** b

### Respondent 110

- **Age:** 85
- **Gender:** b
- **Blood Type:** e
- **Medical Condition:** f
- **Date of Admission:** 2019-12-12
- **Doctor:** DOC_110
- **Hospital:** HOSP_110
- **Insurance Provider:** a
- **Billing Amount:** 24948
- **Room Number:** 368
- **Admission Type:** a
- **Discharge Date:** 2019-08-21
- **Medication:** d
- **Test Results:** b

### Respondent 79

- **Age:** 43
- **Gender:** a
- **Blood Type:** d
- **Medical Condition:** b
- **Date of Admission:** 2021-01-07
- **Doctor:** DOC_79
- **Hospital:** HOSP_79
- **Insurance Provider:** a
- **Billing Amount:** 7187
- **Room Number:** 300
- **Admission Type:** c
- **Discharge Date:** 2020-12-18
- **Medication:** b
- **Test Results:** c

### Respondent 146

- **Age:** 34
- **Gender:** a
- **Blood Type:** f
- **Medical Condition:** d
- **Date of Admission:** 2021-03-04
- **Doctor:** DOC_146
- **Hospital:** HOSP_146
- **Insurance Provider:** c
- **Billing Amount:** 1590
- **Room Number:** 245
- **Admission Type:** b
- **Discharge Date:** 2021-02-06
- **Medication:** e
- **Test Results:** b

### Respondent 16

- **Age:** 82
- **Gender:** a
- **Blood Type:** a
- **Medical Condition:** e
- **Date of Admission:** 2020-01-24
- **Doctor:** DOC_16
- **Hospital:** HOSP_16
- **Insurance Provider:** c
- **Billing Amount:** 36992
- **Room Number:** 162
- **Admission Type:** c
- **Discharge Date:** 2019-12-13
- **Medication:** a
- **Test Results:** c

### Respondent 26

- **Age:** 48
- **Gender:** a
- **Blood Type:** c
- **Medical Condition:** d
- **Date of Admission:** 2020-05-04
- **Doctor:** DOC_26
- **Hospital:** HOSP_26
- **Insurance Provider:** d
- **Billing Amount:** 23737
- **Room Number:** 241
- **Admission Type:** a
- **Discharge Date:** 2020-07-14
- **Medication:** b
- **Test Results:** a

### Respondent 54

- **Age:** 83
- **Gender:** a
- **Blood Type:** a
- **Medical Condition:** d
- **Date of Admission:** 2023-12-23
- **Doctor:** DOC_54
- **Hospital:** HOSP_54
- **Insurance Provider:** b
- **Billing Amount:** 10664
- **Room Number:** 388
- **Admission Type:** c
- **Discharge Date:** 2024-02-07
- **Medication:** a
- **Test Results:** a

### Respondent 55

- **Age:** 30
- **Gender:** b
- **Blood Type:** d
- **Medical Condition:** e
- **Date of Admission:** 2024-03-17
- **Doctor:** DOC_55
- **Hospital:** HOSP_55
- **Insurance Provider:** d
- **Billing Amount:** 32562
- **Room Number:** 430
- **Admission Type:** b
- **Discharge Date:** 2024-04-22
- **Medication:** d
- **Test Results:** b

### Respondent 68

- **Age:** 26
- **Gender:** a
- **Blood Type:** g
- **Medical Condition:** c
- **Date of Admission:** 2022-08-22
- **Doctor:** DOC_68
- **Hospital:** HOSP_68
- **Insurance Provider:** b
- **Billing Amount:** 19183
- **Room Number:** 231
- **Admission Type:** c
- **Discharge Date:** 2022-09-18
- **Medication:** b
- **Test Results:** c

### Respondent 21

- **Age:** 57
- **Gender:** b
- **Blood Type:** e
- **Medical Condition:** a
- **Date of Admission:** 2021-11-13
- **Doctor:** DOC_21
- **Hospital:** HOSP_21
- **Insurance Provider:** e
- **Billing Amount:** 45586
- **Room Number:** 251
- **Admission Type:** b
- **Discharge Date:** 2021-08-19
- **Medication:** e
- **Test Results:** b

### Respondent 41

- **Age:** 44
- **Gender:** b
- **Blood Type:** g
- **Medical Condition:** f
- **Date of Admission:** 2021-09-10
- **Doctor:** DOC_41
- **Hospital:** HOSP_41
- **Insurance Provider:** d
- **Billing Amount:** 32974
- **Room Number:** 389
- **Admission Type:** a
- **Discharge Date:** 2021-09-18
- **Medication:** d
- **Test Results:** a

### Respondent 62

- **Age:** 27
- **Gender:** b
- **Blood Type:** g
- **Medical Condition:** c
- **Date of Admission:** 2024-02-22
- **Doctor:** DOC_62
- **Hospital:** HOSP_62
- **Insurance Provider:** d
- **Billing Amount:** 44437
- **Room Number:** 376
- **Admission Type:** a
- **Discharge Date:** 2024-02-04
- **Medication:** b
- **Test Results:** a



Answer: None
</example>

<questionnaire>
# Survey Data

## Questions

- **Age:** What is your age? [Open-ended]
- **Gender:** What is your gender? [MCQ: A. Female B. Male]
- **Blood Type:** What is your blood type? [MCQ: A. A+ B. A- C. AB+ D. AB- E. B+ F. B- G. O+ H. O-]
- **Medical Condition:** What is your medical condition? [MCQ: A. Arthritis B. Asthma C. Cancer D. Diabetes E. Hypertension F. Obesity]
- **Date of Admission:** What is your date of admission? [Open-ended]
- **Doctor:** What is your doctor? [Open-ended]
- **Hospital:** What is your hospital? [Open-ended]
- **Insurance Provider:** What is your insurance provider? [MCQ: A. Aetna B. Blue Cross C. Cigna D. Medicare E. UnitedHealthcare]
- **Billing Amount:** What is your billing amount? [Open-ended]
- **Room Number:** What is your room number? [Open-ended]
- **Admission Type:** What is your admission type? [MCQ: A. Elective B. Emergency C. Urgent]
- **Discharge Date:** What is your discharge date? [Open-ended]
- **Medication:** What is your medication? [MCQ: A. Aspirin B. Ibuprofen C. Lipitor D. Paracetamol E. Penicillin]
- **Test Results:** What is your test results? [MCQ: A. Abnormal B. Inconclusive C. Normal]

## Responses

### Respondent 77

- **Age:** 59
- **Gender:** b
- **Blood Type:** b
- **Medical Condition:** b
- **Date of Admission:** 2024-04-05
- **Doctor:** DOC_77
- **Hospital:** HOSP_77
- **Insurance Provider:** e
- **Billing Amount:** 39958
- **Room Number:** 233
- **Admission Type:** b
- **Discharge Date:** 2024-02-10
- **Medication:** b
- **Test Results:** b

### Respondent 110

- **Age:** 85
- **Gender:** b
- **Blood Type:** e
- **Medical Condition:** f
- **Date of Admission:** 2019-12-12
- **Doctor:** DOC_110
- **Hospital:** HOSP_110
- **Insurance Provider:** a
- **Billing Amount:** 24948
- **Room Number:** 368
- **Admission Type:** a
- **Discharge Date:** 2019-08-21
- **Medication:** d
- **Test Results:** b

### Respondent 79

- **Age:** 43
- **Gender:** a
- **Blood Type:** d
- **Medical Condition:** b
- **Date of Admission:** 2021-01-07
- **Doctor:** DOC_79
- **Hospital:** HOSP_79
- **Insurance Provider:** a
- **Billing Amount:** 7187
- **Room Number:** 300
- **Admission Type:** c
- **Discharge Date:** 2020-12-18
- **Medication:** b
- **Test Results:** c

### Respondent 146

- **Age:** 34
- **Gender:** a
- **Blood Type:** f
- **Medical Condition:** d
- **Date of Admission:** 2021-03-04
- **Doctor:** DOC_146
- **Hospital:** HOSP_146
- **Insurance Provider:** c
- **Billing Amount:** 1590
- **Room Number:** 245
- **Admission Type:** b
- **Discharge Date:** 2021-02-06
- **Medication:** e
- **Test Results:** b

### Respondent 16

- **Age:** 82
- **Gender:** a
- **Blood Type:** a
- **Medical Condition:** e
- **Date of Admission:** 2020-01-24
- **Doctor:** DOC_16
- **Hospital:** HOSP_16
- **Insurance Provider:** c
- **Billing Amount:** 36992
- **Room Number:** 162
- **Admission Type:** c
- **Discharge Date:** 2019-12-13
- **Medication:** a
- **Test Results:** c

### Respondent 26

- **Age:** 48
- **Gender:** a
- **Blood Type:** c
- **Medical Condition:** d
- **Date of Admission:** 2020-05-04
- **Doctor:** DOC_26
- **Hospital:** HOSP_26
- **Insurance Provider:** d
- **Billing Amount:** 23737
- **Room Number:** 241
- **Admission Type:** a
- **Discharge Date:** 2020-07-14
- **Medication:** b
- **Test Results:** a

### Respondent 54

- **Age:** 83
- **Gender:** a
- **Blood Type:** a
- **Medical Condition:** d
- **Date of Admission:** 2023-12-23
- **Doctor:** DOC_54
- **Hospital:** HOSP_54
- **Insurance Provider:** b
- **Billing Amount:** 10664
- **Room Number:** 388
- **Admission Type:** c
- **Discharge Date:** 2024-02-07
- **Medication:** a
- **Test Results:** a

### Respondent 55

- **Age:** 30
- **Gender:** b
- **Blood Type:** d
- **Medical Condition:** e
- **Date of Admission:** 2024-03-17
- **Doctor:** DOC_55
- **Hospital:** HOSP_55
- **Insurance Provider:** d
- **Billing Amount:** 32562
- **Room Number:** 430
- **Admission Type:** b
- **Discharge Date:** 2024-04-22
- **Medication:** d
- **Test Results:** b

### Respondent 68

- **Age:** 26
- **Gender:** a
- **Blood Type:** g
- **Medical Condition:** c
- **Date of Admission:** 2022-08-22
- **Doctor:** DOC_68
- **Hospital:** HOSP_68
- **Insurance Provider:** b
- **Billing Amount:** 19183
- **Room Number:** 231
- **Admission Type:** c
- **Discharge Date:** 2022-09-18
- **Medication:** b
- **Test Results:** c

### Respondent 21

- **Age:** 57
- **Gender:** b
- **Blood Type:** e
- **Medical Condition:** a
- **Date of Admission:** 2021-11-13
- **Doctor:** DOC_21
- **Hospital:** HOSP_21
- **Insurance Provider:** e
- **Billing Amount:** 45586
- **Room Number:** 251
- **Admission Type:** b
- **Discharge Date:** 2021-08-19
- **Medication:** e
- **Test Results:** b

### Respondent 41

- **Age:** 44
- **Gender:** b
- **Blood Type:** g
- **Medical Condition:** f
- **Date of Admission:** 2021-09-10
- **Doctor:** DOC_41
- **Hospital:** HOSP_41
- **Insurance Provider:** d
- **Billing Amount:** 32974
- **Room Number:** 389
- **Admission Type:** a
- **Discharge Date:** 2021-09-18
- **Medication:** d
- **Test Results:** a

### Respondent 62

- **Age:** 27
- **Gender:** b
- **Blood Type:** g
- **Medical Condition:** c
- **Date of Admission:** 2024-02-22
- **Doctor:** DOC_62
- **Hospital:** HOSP_62
- **Insurance Provider:** d
- **Billing Amount:** 44437
- **Room Number:** 376
- **Admission Type:** a
- **Discharge Date:** 2024-02-04
- **Medication:** b
- **Test Results:** a


</questionnaire>

<role>
You are a meticulous data analyst AI. Your primary function is to accurately analyze structured data and provide precise, verifiable answers.
</role>

<format>
You will be given a dataset with two key parts:

A 'questions' section: This is your data dictionary or schema. It is the single source of truth for understanding what each field and score means. Refer to it carefully.

A 'responses' section: This contains the raw data from each individual respondent.

To answer the question correctly, you must first use the 'questions' schema to fully understand the context and meaning of the data points within the 'responses'. Do not rely on any prior knowledge outside of this provided data. Base your entire analysis on the information given.
</format>

<output>
Provide your final answer directly and concisely. Output must be the human-readable value, not an option code.

Rules:
- For MCQ fields, map any letter codes in the Responses (case-insensitive) to the corresponding option text from the Questions schema, and output only that text. Do NOT include the letter or both.
  Example: If the schema is ""[MCQ: A. Abnormal B. Inconclusive C. Normal]"" and the response is ""a"", output ""Abnormal"".
- For open-ended fields, output the exact text value.
- If the question asks for a count, provide only the number (e.g., ""42"").
- If the question asks for a list of names or IDs, provide a simple comma-separated list (e.g., ""17, 21, 23"").
- Preserve capitalization exactly as in the schema (e.g., output ""Abnormal"", not ""abnormal"" or ""A"").
</output>

<task>
Which respondents have a calculated length of stay greater than 18 days and do not have a medical condition of 'Diabetes'?
</task>","To determine the respondents with a calculated length of stay greater than 18 days and who do not have a medical condition of ""Diabetes,"" we need to:

1. Calculate the length of stay for each respondent by subtracting the **Date of Admission** from the **Discharge Date**.
2. Exclude respondents with a medical condition of ""Diabetes"" (option D).
3. Include only those with a length of stay greater than 18 days.

### Step-by-step Analysis:

#### Respondent 77
- **Admission Date:** 2024-04-05
- **Discharge Date:** 2024-02-10
- **Length of Stay:** Negative (invalid, discharge before admission)
- **Medical Condition:** B. Asthma
- **Excluded (invalid stay)**

#### Respondent 110
- **Admission Date:** 2019-12-12
- **Discharge Date:** 2019-08-21
- **Length of Stay:** Negative (invalid, discharge before admission)
- **Medical Condition:** F. Obesity
- **Excluded (invalid stay)**

#### Respondent 79
- **Admission Date:** 2021-01-07
- **Discharge Date:** 2020-12-18
- **Length of Stay:** Negative (invalid, discharge before admission)
- **Medical Condition:** B. Asthma
- **Excluded (invalid stay)**

#### Respondent 146
- **Admission Date:** 2021-03-04
- **Discharge Date:** 2021-02-06
- **Length of Stay:** Negative (invalid, discharge before admission)
- **Medical Condition:** D. Diabetes
- **Excluded (invalid stay and medical condition)**

#### Respondent 16
- **Admission Date:** 2020-01-24
- **Discharge Date:** 2019-12-13
- **Length of Stay:** Negative (invalid, discharge before admission)
- **Medical Condition:** E. Hypertension
- **Excluded (invalid stay)**

#### Respondent 26
- **Admission Date:** 2020-05-04
- **Discharge Date:** 2020-07-14
- **Length of Stay:** 71 days
- **Medical Condition:** D. Diabetes
- **Excluded (medical condition)**

#### Respondent 54
- **Admission Date:** 2023-12-23
- **Discharge Date:** 2024-02-07
- **Length of Stay:** 46 days
- **Medical Condition:** D. Diabetes
- **Excluded (medical condition)**

#### Respondent 55
- **Admission Date:** 2024-03-17
- **Discharge Date:** 2024-04-22
- **Length of Stay:** 36 days
- **Medical Condition:** E. Hypertension
- **Included (valid stay and not Diabetes)**

#### Respondent 68
- **Admission Date:** 2022-08-22
- **Discharge Date:** 2022-09-18
- **Length of Stay:** 27 days
- **Medical Condition:** C. Cancer
- **Included (valid stay and not Diabetes)**

#### Respondent 21
- **Admission Date:** 2021-11-13
- **Discharge Date:** 2021-08-19
- **Length of Stay:** Negative (invalid, discharge before admission)
- **Medical Condition:** A. Arthritis
- **Excluded (invalid stay)**

#### Respondent 41
- **Admission Date:** 2021-09-10
- **Discharge Date:** 2021-09-18
- **Length of Stay:** 8 days
- **Medical Condition:** F. Obesity
- **Excluded (stay too short)**

#### Respondent 62
- **Admission Date:** 2024-02-22
- **Discharge Date:** 2024-02-04
- **Length of Stay:** Negative (invalid, discharge before admission)
- **Medical Condition:** C. Cancer
- **Excluded (invalid stay)**

### Final Answer:
Respondent 55, Respondent 68",True
case_32,answer_reverse_lookup,"Find all respondents with test results = 'Normal', blood type = 'A-', and whose age is greater than 54.","# Survey Data

## Questions

- **Age:** What is your age? [Open-ended]
- **Gender:** What is your gender? [MCQ: A. Female B. Male]
- **Blood Type:** What is your blood type? [MCQ: A. A+ B. A- C. AB+ D. AB- E. B+ F. B- G. O+ H. O-]
- **Medical Condition:** What is your medical condition? [MCQ: A. Arthritis B. Asthma C. Cancer D. Diabetes E. Hypertension F. Obesity]
- **Date of Admission:** What is your date of admission? [Open-ended]
- **Doctor:** What is your doctor? [Open-ended]
- **Hospital:** What is your hospital? [Open-ended]
- **Insurance Provider:** What is your insurance provider? [MCQ: A. Aetna B. Blue Cross C. Cigna D. Medicare E. UnitedHealthcare]
- **Billing Amount:** What is your billing amount? [Open-ended]
- **Room Number:** What is your room number? [Open-ended]
- **Admission Type:** What is your admission type? [MCQ: A. Elective B. Emergency C. Urgent]
- **Discharge Date:** What is your discharge date? [Open-ended]
- **Medication:** What is your medication? [MCQ: A. Aspirin B. Ibuprofen C. Lipitor D. Paracetamol E. Penicillin]
- **Test Results:** What is your test results? [MCQ: A. Abnormal B. Inconclusive C. Normal]

## Responses

### Respondent 142

- **Age:** 37
- **Gender:** a
- **Blood Type:** g
- **Medical Condition:** b
- **Date of Admission:** 2019-11-06
- **Doctor:** DOC_142
- **Hospital:** HOSP_142
- **Insurance Provider:** a
- **Billing Amount:** 9586
- **Room Number:** 482
- **Admission Type:** a
- **Discharge Date:** 2020-02-09
- **Medication:** e
- **Test Results:** a

### Respondent 20

- **Age:** 65
- **Gender:** a
- **Blood Type:** b
- **Medical Condition:** b
- **Date of Admission:** 2023-05-12
- **Doctor:** DOC_20
- **Hospital:** HOSP_20
- **Insurance Provider:** d
- **Billing Amount:** -503
- **Room Number:** 114
- **Admission Type:** a
- **Discharge Date:** 2023-08-11
- **Medication:** a
- **Test Results:** c

### Respondent 41

- **Age:** 44
- **Gender:** b
- **Blood Type:** g
- **Medical Condition:** f
- **Date of Admission:** 2021-09-10
- **Doctor:** DOC_41
- **Hospital:** HOSP_41
- **Insurance Provider:** d
- **Billing Amount:** 32974
- **Room Number:** 389
- **Admission Type:** a
- **Discharge Date:** 2021-09-18
- **Medication:** d
- **Test Results:** a

### Respondent 1

- **Age:** 53
- **Gender:** b
- **Blood Type:** d
- **Medical Condition:** e
- **Date of Admission:** 2023-08-25
- **Doctor:** DOC_01
- **Hospital:** HOSP_01
- **Insurance Provider:** d
- **Billing Amount:** 24870
- **Room Number:** 418
- **Admission Type:** c
- **Discharge Date:** 2023-09-23
- **Medication:** c
- **Test Results:** a

### Respondent 105

- **Age:** 54
- **Gender:** b
- **Blood Type:** e
- **Medical Condition:** c
- **Date of Admission:** 2023-05-18
- **Doctor:** DOC_105
- **Hospital:** HOSP_105
- **Insurance Provider:** e
- **Billing Amount:** 29504
- **Room Number:** 233
- **Admission Type:** a
- **Discharge Date:** 2023-06-03
- **Medication:** b
- **Test Results:** a

### Respondent 116

- **Age:** 84
- **Gender:** a
- **Blood Type:** g
- **Medical Condition:** f
- **Date of Admission:** 2020-06-23
- **Doctor:** DOC_116
- **Hospital:** HOSP_116
- **Insurance Provider:** a
- **Billing Amount:** 40015
- **Room Number:** 211
- **Admission Type:** c
- **Discharge Date:** 2020-06-22
- **Medication:** b
- **Test Results:** c

### Respondent 121

- **Age:** 76
- **Gender:** a
- **Blood Type:** f
- **Medical Condition:** e
- **Date of Admission:** 2021-10-27
- **Doctor:** DOC_121
- **Hospital:** HOSP_121
- **Insurance Provider:** c
- **Billing Amount:** 50119
- **Room Number:** 465
- **Admission Type:** b
- **Discharge Date:** 2021-11-21
- **Medication:** c
- **Test Results:** c

",20,"<example>
List all respondents with doctor = 'DOC_107' and hospital = 'HOSP_148'.

DATA:

# Survey Data

## Questions

- **Age:** What is your age? [Open-ended]
- **Gender:** What is your gender? [MCQ: A. Female B. Male]
- **Blood Type:** What is your blood type? [MCQ: A. A+ B. A- C. AB+ D. AB- E. B+ F. B- G. O+ H. O-]
- **Medical Condition:** What is your medical condition? [MCQ: A. Arthritis B. Asthma C. Cancer D. Diabetes E. Hypertension F. Obesity]
- **Date of Admission:** What is your date of admission? [Open-ended]
- **Doctor:** What is your doctor? [Open-ended]
- **Hospital:** What is your hospital? [Open-ended]
- **Insurance Provider:** What is your insurance provider? [MCQ: A. Aetna B. Blue Cross C. Cigna D. Medicare E. UnitedHealthcare]
- **Billing Amount:** What is your billing amount? [Open-ended]
- **Room Number:** What is your room number? [Open-ended]
- **Admission Type:** What is your admission type? [MCQ: A. Elective B. Emergency C. Urgent]
- **Discharge Date:** What is your discharge date? [Open-ended]
- **Medication:** What is your medication? [MCQ: A. Aspirin B. Ibuprofen C. Lipitor D. Paracetamol E. Penicillin]
- **Test Results:** What is your test results? [MCQ: A. Abnormal B. Inconclusive C. Normal]

## Responses

### Respondent 142

- **Age:** 37
- **Gender:** a
- **Blood Type:** g
- **Medical Condition:** b
- **Date of Admission:** 2019-11-06
- **Doctor:** DOC_142
- **Hospital:** HOSP_142
- **Insurance Provider:** a
- **Billing Amount:** 9586
- **Room Number:** 482
- **Admission Type:** a
- **Discharge Date:** 2020-02-09
- **Medication:** e
- **Test Results:** a

### Respondent 20

- **Age:** 65
- **Gender:** a
- **Blood Type:** b
- **Medical Condition:** b
- **Date of Admission:** 2023-05-12
- **Doctor:** DOC_20
- **Hospital:** HOSP_20
- **Insurance Provider:** d
- **Billing Amount:** -503
- **Room Number:** 114
- **Admission Type:** a
- **Discharge Date:** 2023-08-11
- **Medication:** a
- **Test Results:** c

### Respondent 41

- **Age:** 44
- **Gender:** b
- **Blood Type:** g
- **Medical Condition:** f
- **Date of Admission:** 2021-09-10
- **Doctor:** DOC_41
- **Hospital:** HOSP_41
- **Insurance Provider:** d
- **Billing Amount:** 32974
- **Room Number:** 389
- **Admission Type:** a
- **Discharge Date:** 2021-09-18
- **Medication:** d
- **Test Results:** a

### Respondent 1

- **Age:** 53
- **Gender:** b
- **Blood Type:** d
- **Medical Condition:** e
- **Date of Admission:** 2023-08-25
- **Doctor:** DOC_01
- **Hospital:** HOSP_01
- **Insurance Provider:** d
- **Billing Amount:** 24870
- **Room Number:** 418
- **Admission Type:** c
- **Discharge Date:** 2023-09-23
- **Medication:** c
- **Test Results:** a

### Respondent 105

- **Age:** 54
- **Gender:** b
- **Blood Type:** e
- **Medical Condition:** c
- **Date of Admission:** 2023-05-18
- **Doctor:** DOC_105
- **Hospital:** HOSP_105
- **Insurance Provider:** e
- **Billing Amount:** 29504
- **Room Number:** 233
- **Admission Type:** a
- **Discharge Date:** 2023-06-03
- **Medication:** b
- **Test Results:** a

### Respondent 116

- **Age:** 84
- **Gender:** a
- **Blood Type:** g
- **Medical Condition:** f
- **Date of Admission:** 2020-06-23
- **Doctor:** DOC_116
- **Hospital:** HOSP_116
- **Insurance Provider:** a
- **Billing Amount:** 40015
- **Room Number:** 211
- **Admission Type:** c
- **Discharge Date:** 2020-06-22
- **Medication:** b
- **Test Results:** c

### Respondent 121

- **Age:** 76
- **Gender:** a
- **Blood Type:** f
- **Medical Condition:** e
- **Date of Admission:** 2021-10-27
- **Doctor:** DOC_121
- **Hospital:** HOSP_121
- **Insurance Provider:** c
- **Billing Amount:** 50119
- **Room Number:** 465
- **Admission Type:** b
- **Discharge Date:** 2021-11-21
- **Medication:** c
- **Test Results:** c



Answer: None
</example>

<questionnaire>
# Survey Data

## Questions

- **Age:** What is your age? [Open-ended]
- **Gender:** What is your gender? [MCQ: A. Female B. Male]
- **Blood Type:** What is your blood type? [MCQ: A. A+ B. A- C. AB+ D. AB- E. B+ F. B- G. O+ H. O-]
- **Medical Condition:** What is your medical condition? [MCQ: A. Arthritis B. Asthma C. Cancer D. Diabetes E. Hypertension F. Obesity]
- **Date of Admission:** What is your date of admission? [Open-ended]
- **Doctor:** What is your doctor? [Open-ended]
- **Hospital:** What is your hospital? [Open-ended]
- **Insurance Provider:** What is your insurance provider? [MCQ: A. Aetna B. Blue Cross C. Cigna D. Medicare E. UnitedHealthcare]
- **Billing Amount:** What is your billing amount? [Open-ended]
- **Room Number:** What is your room number? [Open-ended]
- **Admission Type:** What is your admission type? [MCQ: A. Elective B. Emergency C. Urgent]
- **Discharge Date:** What is your discharge date? [Open-ended]
- **Medication:** What is your medication? [MCQ: A. Aspirin B. Ibuprofen C. Lipitor D. Paracetamol E. Penicillin]
- **Test Results:** What is your test results? [MCQ: A. Abnormal B. Inconclusive C. Normal]

## Responses

### Respondent 142

- **Age:** 37
- **Gender:** a
- **Blood Type:** g
- **Medical Condition:** b
- **Date of Admission:** 2019-11-06
- **Doctor:** DOC_142
- **Hospital:** HOSP_142
- **Insurance Provider:** a
- **Billing Amount:** 9586
- **Room Number:** 482
- **Admission Type:** a
- **Discharge Date:** 2020-02-09
- **Medication:** e
- **Test Results:** a

### Respondent 20

- **Age:** 65
- **Gender:** a
- **Blood Type:** b
- **Medical Condition:** b
- **Date of Admission:** 2023-05-12
- **Doctor:** DOC_20
- **Hospital:** HOSP_20
- **Insurance Provider:** d
- **Billing Amount:** -503
- **Room Number:** 114
- **Admission Type:** a
- **Discharge Date:** 2023-08-11
- **Medication:** a
- **Test Results:** c

### Respondent 41

- **Age:** 44
- **Gender:** b
- **Blood Type:** g
- **Medical Condition:** f
- **Date of Admission:** 2021-09-10
- **Doctor:** DOC_41
- **Hospital:** HOSP_41
- **Insurance Provider:** d
- **Billing Amount:** 32974
- **Room Number:** 389
- **Admission Type:** a
- **Discharge Date:** 2021-09-18
- **Medication:** d
- **Test Results:** a

### Respondent 1

- **Age:** 53
- **Gender:** b
- **Blood Type:** d
- **Medical Condition:** e
- **Date of Admission:** 2023-08-25
- **Doctor:** DOC_01
- **Hospital:** HOSP_01
- **Insurance Provider:** d
- **Billing Amount:** 24870
- **Room Number:** 418
- **Admission Type:** c
- **Discharge Date:** 2023-09-23
- **Medication:** c
- **Test Results:** a

### Respondent 105

- **Age:** 54
- **Gender:** b
- **Blood Type:** e
- **Medical Condition:** c
- **Date of Admission:** 2023-05-18
- **Doctor:** DOC_105
- **Hospital:** HOSP_105
- **Insurance Provider:** e
- **Billing Amount:** 29504
- **Room Number:** 233
- **Admission Type:** a
- **Discharge Date:** 2023-06-03
- **Medication:** b
- **Test Results:** a

### Respondent 116

- **Age:** 84
- **Gender:** a
- **Blood Type:** g
- **Medical Condition:** f
- **Date of Admission:** 2020-06-23
- **Doctor:** DOC_116
- **Hospital:** HOSP_116
- **Insurance Provider:** a
- **Billing Amount:** 40015
- **Room Number:** 211
- **Admission Type:** c
- **Discharge Date:** 2020-06-22
- **Medication:** b
- **Test Results:** c

### Respondent 121

- **Age:** 76
- **Gender:** a
- **Blood Type:** f
- **Medical Condition:** e
- **Date of Admission:** 2021-10-27
- **Doctor:** DOC_121
- **Hospital:** HOSP_121
- **Insurance Provider:** c
- **Billing Amount:** 50119
- **Room Number:** 465
- **Admission Type:** b
- **Discharge Date:** 2021-11-21
- **Medication:** c
- **Test Results:** c


</questionnaire>

<role>
You are a meticulous data analyst AI. Your primary function is to accurately analyze structured data and provide precise, verifiable answers.
</role>

<format>
You will be given a dataset with two key parts:

A 'questions' section: This is your data dictionary or schema. It is the single source of truth for understanding what each field and score means. Refer to it carefully.

A 'responses' section: This contains the raw data from each individual respondent.

To answer the question correctly, you must first use the 'questions' schema to fully understand the context and meaning of the data points within the 'responses'. Do not rely on any prior knowledge outside of this provided data. Base your entire analysis on the information given.
</format>

<output>
Provide your final answer directly and concisely. Output must be the human-readable value, not an option code.

Rules:
- For MCQ fields, map any letter codes in the Responses (case-insensitive) to the corresponding option text from the Questions schema, and output only that text. Do NOT include the letter or both.
  Example: If the schema is ""[MCQ: A. Abnormal B. Inconclusive C. Normal]"" and the response is ""a"", output ""Abnormal"".
- For open-ended fields, output the exact text value.
- If the question asks for a count, provide only the number (e.g., ""42"").
- If the question asks for a list of names or IDs, provide a simple comma-separated list (e.g., ""17, 21, 23"").
- Preserve capitalization exactly as in the schema (e.g., output ""Abnormal"", not ""abnormal"" or ""A"").
</output>

<task>
Find all respondents with test results = 'Normal', blood type = 'A-', and whose age is greater than 54.
</task>",,False
case_33,answer_reverse_lookup,"Find all respondents with hospital = 'HOSP_109', test results = 'Abnormal', and whose billing amount is less than 20228.","# Survey Data

## Questions

- **Age:** What is your age? [Open-ended]
- **Gender:** What is your gender? [MCQ: A. Female B. Male]
- **Blood Type:** What is your blood type? [MCQ: A. A+ B. A- C. AB+ D. AB- E. B+ F. B- G. O+ H. O-]
- **Medical Condition:** What is your medical condition? [MCQ: A. Arthritis B. Asthma C. Cancer D. Diabetes E. Hypertension F. Obesity]
- **Date of Admission:** What is your date of admission? [Open-ended]
- **Doctor:** What is your doctor? [Open-ended]
- **Hospital:** What is your hospital? [Open-ended]
- **Insurance Provider:** What is your insurance provider? [MCQ: A. Aetna B. Blue Cross C. Cigna D. Medicare E. UnitedHealthcare]
- **Billing Amount:** What is your billing amount? [Open-ended]
- **Room Number:** What is your room number? [Open-ended]
- **Admission Type:** What is your admission type? [MCQ: A. Elective B. Emergency C. Urgent]
- **Discharge Date:** What is your discharge date? [Open-ended]
- **Medication:** What is your medication? [MCQ: A. Aspirin B. Ibuprofen C. Lipitor D. Paracetamol E. Penicillin]
- **Test Results:** What is your test results? [MCQ: A. Abnormal B. Inconclusive C. Normal]

## Responses

### Respondent 9

- **Age:** 45
- **Gender:** a
- **Blood Type:** h
- **Medical Condition:** e
- **Date of Admission:** 2020-09-24
- **Doctor:** DOC_09
- **Hospital:** HOSP_09
- **Insurance Provider:** e
- **Billing Amount:** 6176
- **Room Number:** 223
- **Admission Type:** b
- **Discharge Date:** 2020-09-08
- **Medication:** c
- **Test Results:** b

### Respondent 60

- **Age:** 26
- **Gender:** b
- **Blood Type:** e
- **Medical Condition:** b
- **Date of Admission:** 2024-03-24
- **Doctor:** DOC_60
- **Hospital:** HOSP_60
- **Insurance Provider:** e
- **Billing Amount:** 37735
- **Room Number:** 494
- **Admission Type:** b
- **Discharge Date:** 2024-04-14
- **Medication:** e
- **Test Results:** c

### Respondent 74

- **Age:** 83
- **Gender:** b
- **Blood Type:** b
- **Medical Condition:** a
- **Date of Admission:** 2021-02-07
- **Doctor:** DOC_74
- **Hospital:** HOSP_74
- **Insurance Provider:** e
- **Billing Amount:** 40783
- **Room Number:** 425
- **Admission Type:** b
- **Discharge Date:** 2021-06-03
- **Medication:** a
- **Test Results:** a

### Respondent 73

- **Age:** 21
- **Gender:** b
- **Blood Type:** h
- **Medical Condition:** d
- **Date of Admission:** 2024-01-05
- **Doctor:** DOC_73
- **Hospital:** HOSP_73
- **Insurance Provider:** d
- **Billing Amount:** 49943
- **Room Number:** 410
- **Admission Type:** a
- **Discharge Date:** 2024-03-26
- **Medication:** c
- **Test Results:** c

### Respondent 117

- **Age:** 58
- **Gender:** a
- **Blood Type:** d
- **Medical Condition:** c
- **Date of Admission:** 2021-01-17
- **Doctor:** DOC_117
- **Hospital:** HOSP_117
- **Insurance Provider:** e
- **Billing Amount:** 20228
- **Room Number:** 249
- **Admission Type:** a
- **Discharge Date:** 2021-07-31
- **Medication:** d
- **Test Results:** b

### Respondent 19

- **Age:** 55
- **Gender:** a
- **Blood Type:** a
- **Medical Condition:** c
- **Date of Admission:** 2023-01-07
- **Doctor:** DOC_19
- **Hospital:** HOSP_19
- **Insurance Provider:** c
- **Billing Amount:** 10352
- **Room Number:** 333
- **Admission Type:** b
- **Discharge Date:** 2022-10-09
- **Medication:** d
- **Test Results:** c

### Respondent 68

- **Age:** 26
- **Gender:** a
- **Blood Type:** g
- **Medical Condition:** c
- **Date of Admission:** 2022-08-22
- **Doctor:** DOC_68
- **Hospital:** HOSP_68
- **Insurance Provider:** b
- **Billing Amount:** 19183
- **Room Number:** 231
- **Admission Type:** c
- **Discharge Date:** 2022-09-18
- **Medication:** b
- **Test Results:** c

### Respondent 51

- **Age:** 49
- **Gender:** b
- **Blood Type:** e
- **Medical Condition:** b
- **Date of Admission:** 2020-01-17
- **Doctor:** DOC_51
- **Hospital:** HOSP_51
- **Insurance Provider:** a
- **Billing Amount:** 14300
- **Room Number:** 275
- **Admission Type:** c
- **Discharge Date:** 2019-12-08
- **Medication:** a
- **Test Results:** c

### Respondent 109

- **Age:** 55
- **Gender:** b
- **Blood Type:** d
- **Medical Condition:** b
- **Date of Admission:** 2022-05-13
- **Doctor:** DOC_109
- **Hospital:** HOSP_109
- **Insurance Provider:** a
- **Billing Amount:** 35522
- **Room Number:** 213
- **Admission Type:** a
- **Discharge Date:** 2022-06-10
- **Medication:** d
- **Test Results:** c

",None,"<example>
List all respondents with doctor = 'DOC_107' and hospital = 'HOSP_148'.

DATA:

# Survey Data

## Questions

- **Age:** What is your age? [Open-ended]
- **Gender:** What is your gender? [MCQ: A. Female B. Male]
- **Blood Type:** What is your blood type? [MCQ: A. A+ B. A- C. AB+ D. AB- E. B+ F. B- G. O+ H. O-]
- **Medical Condition:** What is your medical condition? [MCQ: A. Arthritis B. Asthma C. Cancer D. Diabetes E. Hypertension F. Obesity]
- **Date of Admission:** What is your date of admission? [Open-ended]
- **Doctor:** What is your doctor? [Open-ended]
- **Hospital:** What is your hospital? [Open-ended]
- **Insurance Provider:** What is your insurance provider? [MCQ: A. Aetna B. Blue Cross C. Cigna D. Medicare E. UnitedHealthcare]
- **Billing Amount:** What is your billing amount? [Open-ended]
- **Room Number:** What is your room number? [Open-ended]
- **Admission Type:** What is your admission type? [MCQ: A. Elective B. Emergency C. Urgent]
- **Discharge Date:** What is your discharge date? [Open-ended]
- **Medication:** What is your medication? [MCQ: A. Aspirin B. Ibuprofen C. Lipitor D. Paracetamol E. Penicillin]
- **Test Results:** What is your test results? [MCQ: A. Abnormal B. Inconclusive C. Normal]

## Responses

### Respondent 9

- **Age:** 45
- **Gender:** a
- **Blood Type:** h
- **Medical Condition:** e
- **Date of Admission:** 2020-09-24
- **Doctor:** DOC_09
- **Hospital:** HOSP_09
- **Insurance Provider:** e
- **Billing Amount:** 6176
- **Room Number:** 223
- **Admission Type:** b
- **Discharge Date:** 2020-09-08
- **Medication:** c
- **Test Results:** b

### Respondent 60

- **Age:** 26
- **Gender:** b
- **Blood Type:** e
- **Medical Condition:** b
- **Date of Admission:** 2024-03-24
- **Doctor:** DOC_60
- **Hospital:** HOSP_60
- **Insurance Provider:** e
- **Billing Amount:** 37735
- **Room Number:** 494
- **Admission Type:** b
- **Discharge Date:** 2024-04-14
- **Medication:** e
- **Test Results:** c

### Respondent 74

- **Age:** 83
- **Gender:** b
- **Blood Type:** b
- **Medical Condition:** a
- **Date of Admission:** 2021-02-07
- **Doctor:** DOC_74
- **Hospital:** HOSP_74
- **Insurance Provider:** e
- **Billing Amount:** 40783
- **Room Number:** 425
- **Admission Type:** b
- **Discharge Date:** 2021-06-03
- **Medication:** a
- **Test Results:** a

### Respondent 73

- **Age:** 21
- **Gender:** b
- **Blood Type:** h
- **Medical Condition:** d
- **Date of Admission:** 2024-01-05
- **Doctor:** DOC_73
- **Hospital:** HOSP_73
- **Insurance Provider:** d
- **Billing Amount:** 49943
- **Room Number:** 410
- **Admission Type:** a
- **Discharge Date:** 2024-03-26
- **Medication:** c
- **Test Results:** c

### Respondent 117

- **Age:** 58
- **Gender:** a
- **Blood Type:** d
- **Medical Condition:** c
- **Date of Admission:** 2021-01-17
- **Doctor:** DOC_117
- **Hospital:** HOSP_117
- **Insurance Provider:** e
- **Billing Amount:** 20228
- **Room Number:** 249
- **Admission Type:** a
- **Discharge Date:** 2021-07-31
- **Medication:** d
- **Test Results:** b

### Respondent 19

- **Age:** 55
- **Gender:** a
- **Blood Type:** a
- **Medical Condition:** c
- **Date of Admission:** 2023-01-07
- **Doctor:** DOC_19
- **Hospital:** HOSP_19
- **Insurance Provider:** c
- **Billing Amount:** 10352
- **Room Number:** 333
- **Admission Type:** b
- **Discharge Date:** 2022-10-09
- **Medication:** d
- **Test Results:** c

### Respondent 68

- **Age:** 26
- **Gender:** a
- **Blood Type:** g
- **Medical Condition:** c
- **Date of Admission:** 2022-08-22
- **Doctor:** DOC_68
- **Hospital:** HOSP_68
- **Insurance Provider:** b
- **Billing Amount:** 19183
- **Room Number:** 231
- **Admission Type:** c
- **Discharge Date:** 2022-09-18
- **Medication:** b
- **Test Results:** c

### Respondent 51

- **Age:** 49
- **Gender:** b
- **Blood Type:** e
- **Medical Condition:** b
- **Date of Admission:** 2020-01-17
- **Doctor:** DOC_51
- **Hospital:** HOSP_51
- **Insurance Provider:** a
- **Billing Amount:** 14300
- **Room Number:** 275
- **Admission Type:** c
- **Discharge Date:** 2019-12-08
- **Medication:** a
- **Test Results:** c

### Respondent 109

- **Age:** 55
- **Gender:** b
- **Blood Type:** d
- **Medical Condition:** b
- **Date of Admission:** 2022-05-13
- **Doctor:** DOC_109
- **Hospital:** HOSP_109
- **Insurance Provider:** a
- **Billing Amount:** 35522
- **Room Number:** 213
- **Admission Type:** a
- **Discharge Date:** 2022-06-10
- **Medication:** d
- **Test Results:** c



Answer: None
</example>

<questionnaire>
# Survey Data

## Questions

- **Age:** What is your age? [Open-ended]
- **Gender:** What is your gender? [MCQ: A. Female B. Male]
- **Blood Type:** What is your blood type? [MCQ: A. A+ B. A- C. AB+ D. AB- E. B+ F. B- G. O+ H. O-]
- **Medical Condition:** What is your medical condition? [MCQ: A. Arthritis B. Asthma C. Cancer D. Diabetes E. Hypertension F. Obesity]
- **Date of Admission:** What is your date of admission? [Open-ended]
- **Doctor:** What is your doctor? [Open-ended]
- **Hospital:** What is your hospital? [Open-ended]
- **Insurance Provider:** What is your insurance provider? [MCQ: A. Aetna B. Blue Cross C. Cigna D. Medicare E. UnitedHealthcare]
- **Billing Amount:** What is your billing amount? [Open-ended]
- **Room Number:** What is your room number? [Open-ended]
- **Admission Type:** What is your admission type? [MCQ: A. Elective B. Emergency C. Urgent]
- **Discharge Date:** What is your discharge date? [Open-ended]
- **Medication:** What is your medication? [MCQ: A. Aspirin B. Ibuprofen C. Lipitor D. Paracetamol E. Penicillin]
- **Test Results:** What is your test results? [MCQ: A. Abnormal B. Inconclusive C. Normal]

## Responses

### Respondent 9

- **Age:** 45
- **Gender:** a
- **Blood Type:** h
- **Medical Condition:** e
- **Date of Admission:** 2020-09-24
- **Doctor:** DOC_09
- **Hospital:** HOSP_09
- **Insurance Provider:** e
- **Billing Amount:** 6176
- **Room Number:** 223
- **Admission Type:** b
- **Discharge Date:** 2020-09-08
- **Medication:** c
- **Test Results:** b

### Respondent 60

- **Age:** 26
- **Gender:** b
- **Blood Type:** e
- **Medical Condition:** b
- **Date of Admission:** 2024-03-24
- **Doctor:** DOC_60
- **Hospital:** HOSP_60
- **Insurance Provider:** e
- **Billing Amount:** 37735
- **Room Number:** 494
- **Admission Type:** b
- **Discharge Date:** 2024-04-14
- **Medication:** e
- **Test Results:** c

### Respondent 74

- **Age:** 83
- **Gender:** b
- **Blood Type:** b
- **Medical Condition:** a
- **Date of Admission:** 2021-02-07
- **Doctor:** DOC_74
- **Hospital:** HOSP_74
- **Insurance Provider:** e
- **Billing Amount:** 40783
- **Room Number:** 425
- **Admission Type:** b
- **Discharge Date:** 2021-06-03
- **Medication:** a
- **Test Results:** a

### Respondent 73

- **Age:** 21
- **Gender:** b
- **Blood Type:** h
- **Medical Condition:** d
- **Date of Admission:** 2024-01-05
- **Doctor:** DOC_73
- **Hospital:** HOSP_73
- **Insurance Provider:** d
- **Billing Amount:** 49943
- **Room Number:** 410
- **Admission Type:** a
- **Discharge Date:** 2024-03-26
- **Medication:** c
- **Test Results:** c

### Respondent 117

- **Age:** 58
- **Gender:** a
- **Blood Type:** d
- **Medical Condition:** c
- **Date of Admission:** 2021-01-17
- **Doctor:** DOC_117
- **Hospital:** HOSP_117
- **Insurance Provider:** e
- **Billing Amount:** 20228
- **Room Number:** 249
- **Admission Type:** a
- **Discharge Date:** 2021-07-31
- **Medication:** d
- **Test Results:** b

### Respondent 19

- **Age:** 55
- **Gender:** a
- **Blood Type:** a
- **Medical Condition:** c
- **Date of Admission:** 2023-01-07
- **Doctor:** DOC_19
- **Hospital:** HOSP_19
- **Insurance Provider:** c
- **Billing Amount:** 10352
- **Room Number:** 333
- **Admission Type:** b
- **Discharge Date:** 2022-10-09
- **Medication:** d
- **Test Results:** c

### Respondent 68

- **Age:** 26
- **Gender:** a
- **Blood Type:** g
- **Medical Condition:** c
- **Date of Admission:** 2022-08-22
- **Doctor:** DOC_68
- **Hospital:** HOSP_68
- **Insurance Provider:** b
- **Billing Amount:** 19183
- **Room Number:** 231
- **Admission Type:** c
- **Discharge Date:** 2022-09-18
- **Medication:** b
- **Test Results:** c

### Respondent 51

- **Age:** 49
- **Gender:** b
- **Blood Type:** e
- **Medical Condition:** b
- **Date of Admission:** 2020-01-17
- **Doctor:** DOC_51
- **Hospital:** HOSP_51
- **Insurance Provider:** a
- **Billing Amount:** 14300
- **Room Number:** 275
- **Admission Type:** c
- **Discharge Date:** 2019-12-08
- **Medication:** a
- **Test Results:** c

### Respondent 109

- **Age:** 55
- **Gender:** b
- **Blood Type:** d
- **Medical Condition:** b
- **Date of Admission:** 2022-05-13
- **Doctor:** DOC_109
- **Hospital:** HOSP_109
- **Insurance Provider:** a
- **Billing Amount:** 35522
- **Room Number:** 213
- **Admission Type:** a
- **Discharge Date:** 2022-06-10
- **Medication:** d
- **Test Results:** c


</questionnaire>

<role>
You are a meticulous data analyst AI. Your primary function is to accurately analyze structured data and provide precise, verifiable answers.
</role>

<format>
You will be given a dataset with two key parts:

A 'questions' section: This is your data dictionary or schema. It is the single source of truth for understanding what each field and score means. Refer to it carefully.

A 'responses' section: This contains the raw data from each individual respondent.

To answer the question correctly, you must first use the 'questions' schema to fully understand the context and meaning of the data points within the 'responses'. Do not rely on any prior knowledge outside of this provided data. Base your entire analysis on the information given.
</format>

<output>
Provide your final answer directly and concisely. Output must be the human-readable value, not an option code.

Rules:
- For MCQ fields, map any letter codes in the Responses (case-insensitive) to the corresponding option text from the Questions schema, and output only that text. Do NOT include the letter or both.
  Example: If the schema is ""[MCQ: A. Abnormal B. Inconclusive C. Normal]"" and the response is ""a"", output ""Abnormal"".
- For open-ended fields, output the exact text value.
- If the question asks for a count, provide only the number (e.g., ""42"").
- If the question asks for a list of names or IDs, provide a simple comma-separated list (e.g., ""17, 21, 23"").
- Preserve capitalization exactly as in the schema (e.g., output ""Abnormal"", not ""abnormal"" or ""A"").
</output>

<task>
Find all respondents with hospital = 'HOSP_109', test results = 'Abnormal', and whose billing amount is less than 20228.
</task>",,False
case_34,answer_reverse_lookup,"Find all respondents with medical condition = 'Cancer', gender = 'Male', and whose billing amount is greater than 31689.","# Survey Data

## Questions

- **Age:** What is your age? [Open-ended]
- **Gender:** What is your gender? [MCQ: A. Female B. Male]
- **Blood Type:** What is your blood type? [MCQ: A. A+ B. A- C. AB+ D. AB- E. B+ F. B- G. O+ H. O-]
- **Medical Condition:** What is your medical condition? [MCQ: A. Arthritis B. Asthma C. Cancer D. Diabetes E. Hypertension F. Obesity]
- **Date of Admission:** What is your date of admission? [Open-ended]
- **Doctor:** What is your doctor? [Open-ended]
- **Hospital:** What is your hospital? [Open-ended]
- **Insurance Provider:** What is your insurance provider? [MCQ: A. Aetna B. Blue Cross C. Cigna D. Medicare E. UnitedHealthcare]
- **Billing Amount:** What is your billing amount? [Open-ended]
- **Room Number:** What is your room number? [Open-ended]
- **Admission Type:** What is your admission type? [MCQ: A. Elective B. Emergency C. Urgent]
- **Discharge Date:** What is your discharge date? [Open-ended]
- **Medication:** What is your medication? [MCQ: A. Aspirin B. Ibuprofen C. Lipitor D. Paracetamol E. Penicillin]
- **Test Results:** What is your test results? [MCQ: A. Abnormal B. Inconclusive C. Normal]

## Responses

### Respondent 140

- **Age:** 49
- **Gender:** b
- **Blood Type:** e
- **Medical Condition:** c
- **Date of Admission:** 2022-07-06
- **Doctor:** DOC_140
- **Hospital:** HOSP_140
- **Insurance Provider:** d
- **Billing Amount:** 25426
- **Room Number:** 260
- **Admission Type:** a
- **Discharge Date:** 2022-03-29
- **Medication:** e
- **Test Results:** a

### Respondent 58

- **Age:** 58
- **Gender:** b
- **Blood Type:** b
- **Medical Condition:** d
- **Date of Admission:** 2020-05-22
- **Doctor:** DOC_58
- **Hospital:** HOSP_58
- **Insurance Provider:** c
- **Billing Amount:** 37952
- **Room Number:** 414
- **Admission Type:** c
- **Discharge Date:** 2020-06-08
- **Medication:** a
- **Test Results:** c

### Respondent 39

- **Age:** 27
- **Gender:** b
- **Blood Type:** d
- **Medical Condition:** d
- **Date of Admission:** 2021-10-08
- **Doctor:** DOC_39
- **Hospital:** HOSP_39
- **Insurance Provider:** a
- **Billing Amount:** 45453
- **Room Number:** 255
- **Admission Type:** c
- **Discharge Date:** 2021-10-05
- **Medication:** e
- **Test Results:** a

### Respondent 69

- **Age:** 18
- **Gender:** b
- **Blood Type:** b
- **Medical Condition:** f
- **Date of Admission:** 2022-01-09
- **Doctor:** DOC_69
- **Hospital:** HOSP_69
- **Insurance Provider:** a
- **Billing Amount:** 46957
- **Room Number:** 331
- **Admission Type:** b
- **Discharge Date:** 2022-01-12
- **Medication:** a
- **Test Results:** b

### Respondent 37

- **Age:** 31
- **Gender:** a
- **Blood Type:** a
- **Medical Condition:** d
- **Date of Admission:** 2022-05-12
- **Doctor:** DOC_37
- **Hospital:** HOSP_37
- **Insurance Provider:** e
- **Billing Amount:** 12577
- **Room Number:** 162
- **Admission Type:** b
- **Discharge Date:** 2022-07-18
- **Medication:** c
- **Test Results:** a

### Respondent 19

- **Age:** 55
- **Gender:** a
- **Blood Type:** a
- **Medical Condition:** c
- **Date of Admission:** 2023-01-07
- **Doctor:** DOC_19
- **Hospital:** HOSP_19
- **Insurance Provider:** c
- **Billing Amount:** 10352
- **Room Number:** 333
- **Admission Type:** b
- **Discharge Date:** 2022-10-09
- **Medication:** d
- **Test Results:** c

",None,"<example>
List all respondents with doctor = 'DOC_107' and hospital = 'HOSP_148'.

DATA:

# Survey Data

## Questions

- **Age:** What is your age? [Open-ended]
- **Gender:** What is your gender? [MCQ: A. Female B. Male]
- **Blood Type:** What is your blood type? [MCQ: A. A+ B. A- C. AB+ D. AB- E. B+ F. B- G. O+ H. O-]
- **Medical Condition:** What is your medical condition? [MCQ: A. Arthritis B. Asthma C. Cancer D. Diabetes E. Hypertension F. Obesity]
- **Date of Admission:** What is your date of admission? [Open-ended]
- **Doctor:** What is your doctor? [Open-ended]
- **Hospital:** What is your hospital? [Open-ended]
- **Insurance Provider:** What is your insurance provider? [MCQ: A. Aetna B. Blue Cross C. Cigna D. Medicare E. UnitedHealthcare]
- **Billing Amount:** What is your billing amount? [Open-ended]
- **Room Number:** What is your room number? [Open-ended]
- **Admission Type:** What is your admission type? [MCQ: A. Elective B. Emergency C. Urgent]
- **Discharge Date:** What is your discharge date? [Open-ended]
- **Medication:** What is your medication? [MCQ: A. Aspirin B. Ibuprofen C. Lipitor D. Paracetamol E. Penicillin]
- **Test Results:** What is your test results? [MCQ: A. Abnormal B. Inconclusive C. Normal]

## Responses

### Respondent 140

- **Age:** 49
- **Gender:** b
- **Blood Type:** e
- **Medical Condition:** c
- **Date of Admission:** 2022-07-06
- **Doctor:** DOC_140
- **Hospital:** HOSP_140
- **Insurance Provider:** d
- **Billing Amount:** 25426
- **Room Number:** 260
- **Admission Type:** a
- **Discharge Date:** 2022-03-29
- **Medication:** e
- **Test Results:** a

### Respondent 58

- **Age:** 58
- **Gender:** b
- **Blood Type:** b
- **Medical Condition:** d
- **Date of Admission:** 2020-05-22
- **Doctor:** DOC_58
- **Hospital:** HOSP_58
- **Insurance Provider:** c
- **Billing Amount:** 37952
- **Room Number:** 414
- **Admission Type:** c
- **Discharge Date:** 2020-06-08
- **Medication:** a
- **Test Results:** c

### Respondent 39

- **Age:** 27
- **Gender:** b
- **Blood Type:** d
- **Medical Condition:** d
- **Date of Admission:** 2021-10-08
- **Doctor:** DOC_39
- **Hospital:** HOSP_39
- **Insurance Provider:** a
- **Billing Amount:** 45453
- **Room Number:** 255
- **Admission Type:** c
- **Discharge Date:** 2021-10-05
- **Medication:** e
- **Test Results:** a

### Respondent 69

- **Age:** 18
- **Gender:** b
- **Blood Type:** b
- **Medical Condition:** f
- **Date of Admission:** 2022-01-09
- **Doctor:** DOC_69
- **Hospital:** HOSP_69
- **Insurance Provider:** a
- **Billing Amount:** 46957
- **Room Number:** 331
- **Admission Type:** b
- **Discharge Date:** 2022-01-12
- **Medication:** a
- **Test Results:** b

### Respondent 37

- **Age:** 31
- **Gender:** a
- **Blood Type:** a
- **Medical Condition:** d
- **Date of Admission:** 2022-05-12
- **Doctor:** DOC_37
- **Hospital:** HOSP_37
- **Insurance Provider:** e
- **Billing Amount:** 12577
- **Room Number:** 162
- **Admission Type:** b
- **Discharge Date:** 2022-07-18
- **Medication:** c
- **Test Results:** a

### Respondent 19

- **Age:** 55
- **Gender:** a
- **Blood Type:** a
- **Medical Condition:** c
- **Date of Admission:** 2023-01-07
- **Doctor:** DOC_19
- **Hospital:** HOSP_19
- **Insurance Provider:** c
- **Billing Amount:** 10352
- **Room Number:** 333
- **Admission Type:** b
- **Discharge Date:** 2022-10-09
- **Medication:** d
- **Test Results:** c



Answer: None
</example>

<questionnaire>
# Survey Data

## Questions

- **Age:** What is your age? [Open-ended]
- **Gender:** What is your gender? [MCQ: A. Female B. Male]
- **Blood Type:** What is your blood type? [MCQ: A. A+ B. A- C. AB+ D. AB- E. B+ F. B- G. O+ H. O-]
- **Medical Condition:** What is your medical condition? [MCQ: A. Arthritis B. Asthma C. Cancer D. Diabetes E. Hypertension F. Obesity]
- **Date of Admission:** What is your date of admission? [Open-ended]
- **Doctor:** What is your doctor? [Open-ended]
- **Hospital:** What is your hospital? [Open-ended]
- **Insurance Provider:** What is your insurance provider? [MCQ: A. Aetna B. Blue Cross C. Cigna D. Medicare E. UnitedHealthcare]
- **Billing Amount:** What is your billing amount? [Open-ended]
- **Room Number:** What is your room number? [Open-ended]
- **Admission Type:** What is your admission type? [MCQ: A. Elective B. Emergency C. Urgent]
- **Discharge Date:** What is your discharge date? [Open-ended]
- **Medication:** What is your medication? [MCQ: A. Aspirin B. Ibuprofen C. Lipitor D. Paracetamol E. Penicillin]
- **Test Results:** What is your test results? [MCQ: A. Abnormal B. Inconclusive C. Normal]

## Responses

### Respondent 140

- **Age:** 49
- **Gender:** b
- **Blood Type:** e
- **Medical Condition:** c
- **Date of Admission:** 2022-07-06
- **Doctor:** DOC_140
- **Hospital:** HOSP_140
- **Insurance Provider:** d
- **Billing Amount:** 25426
- **Room Number:** 260
- **Admission Type:** a
- **Discharge Date:** 2022-03-29
- **Medication:** e
- **Test Results:** a

### Respondent 58

- **Age:** 58
- **Gender:** b
- **Blood Type:** b
- **Medical Condition:** d
- **Date of Admission:** 2020-05-22
- **Doctor:** DOC_58
- **Hospital:** HOSP_58
- **Insurance Provider:** c
- **Billing Amount:** 37952
- **Room Number:** 414
- **Admission Type:** c
- **Discharge Date:** 2020-06-08
- **Medication:** a
- **Test Results:** c

### Respondent 39

- **Age:** 27
- **Gender:** b
- **Blood Type:** d
- **Medical Condition:** d
- **Date of Admission:** 2021-10-08
- **Doctor:** DOC_39
- **Hospital:** HOSP_39
- **Insurance Provider:** a
- **Billing Amount:** 45453
- **Room Number:** 255
- **Admission Type:** c
- **Discharge Date:** 2021-10-05
- **Medication:** e
- **Test Results:** a

### Respondent 69

- **Age:** 18
- **Gender:** b
- **Blood Type:** b
- **Medical Condition:** f
- **Date of Admission:** 2022-01-09
- **Doctor:** DOC_69
- **Hospital:** HOSP_69
- **Insurance Provider:** a
- **Billing Amount:** 46957
- **Room Number:** 331
- **Admission Type:** b
- **Discharge Date:** 2022-01-12
- **Medication:** a
- **Test Results:** b

### Respondent 37

- **Age:** 31
- **Gender:** a
- **Blood Type:** a
- **Medical Condition:** d
- **Date of Admission:** 2022-05-12
- **Doctor:** DOC_37
- **Hospital:** HOSP_37
- **Insurance Provider:** e
- **Billing Amount:** 12577
- **Room Number:** 162
- **Admission Type:** b
- **Discharge Date:** 2022-07-18
- **Medication:** c
- **Test Results:** a

### Respondent 19

- **Age:** 55
- **Gender:** a
- **Blood Type:** a
- **Medical Condition:** c
- **Date of Admission:** 2023-01-07
- **Doctor:** DOC_19
- **Hospital:** HOSP_19
- **Insurance Provider:** c
- **Billing Amount:** 10352
- **Room Number:** 333
- **Admission Type:** b
- **Discharge Date:** 2022-10-09
- **Medication:** d
- **Test Results:** c


</questionnaire>

<role>
You are a meticulous data analyst AI. Your primary function is to accurately analyze structured data and provide precise, verifiable answers.
</role>

<format>
You will be given a dataset with two key parts:

A 'questions' section: This is your data dictionary or schema. It is the single source of truth for understanding what each field and score means. Refer to it carefully.

A 'responses' section: This contains the raw data from each individual respondent.

To answer the question correctly, you must first use the 'questions' schema to fully understand the context and meaning of the data points within the 'responses'. Do not rely on any prior knowledge outside of this provided data. Base your entire analysis on the information given.
</format>

<output>
Provide your final answer directly and concisely. Output must be the human-readable value, not an option code.

Rules:
- For MCQ fields, map any letter codes in the Responses (case-insensitive) to the corresponding option text from the Questions schema, and output only that text. Do NOT include the letter or both.
  Example: If the schema is ""[MCQ: A. Abnormal B. Inconclusive C. Normal]"" and the response is ""a"", output ""Abnormal"".
- For open-ended fields, output the exact text value.
- If the question asks for a count, provide only the number (e.g., ""42"").
- If the question asks for a list of names or IDs, provide a simple comma-separated list (e.g., ""17, 21, 23"").
- Preserve capitalization exactly as in the schema (e.g., output ""Abnormal"", not ""abnormal"" or ""A"").
</output>

<task>
Find all respondents with medical condition = 'Cancer', gender = 'Male', and whose billing amount is greater than 31689.
</task>",,False
case_35,answer_reverse_lookup,List all respondents who are treated by the same doctor as the patient in room '245' and were admitted for the same admission type.,"# Survey Data

## Questions

- **Age:** What is your age? [Open-ended]
- **Gender:** What is your gender? [MCQ: A. Female B. Male]
- **Blood Type:** What is your blood type? [MCQ: A. A+ B. A- C. AB+ D. AB- E. B+ F. B- G. O+ H. O-]
- **Medical Condition:** What is your medical condition? [MCQ: A. Arthritis B. Asthma C. Cancer D. Diabetes E. Hypertension F. Obesity]
- **Date of Admission:** What is your date of admission? [Open-ended]
- **Doctor:** What is your doctor? [Open-ended]
- **Hospital:** What is your hospital? [Open-ended]
- **Insurance Provider:** What is your insurance provider? [MCQ: A. Aetna B. Blue Cross C. Cigna D. Medicare E. UnitedHealthcare]
- **Billing Amount:** What is your billing amount? [Open-ended]
- **Room Number:** What is your room number? [Open-ended]
- **Admission Type:** What is your admission type? [MCQ: A. Elective B. Emergency C. Urgent]
- **Discharge Date:** What is your discharge date? [Open-ended]
- **Medication:** What is your medication? [MCQ: A. Aspirin B. Ibuprofen C. Lipitor D. Paracetamol E. Penicillin]
- **Test Results:** What is your test results? [MCQ: A. Abnormal B. Inconclusive C. Normal]

## Responses

### Respondent 43

- **Age:** 47
- **Gender:** a
- **Blood Type:** d
- **Medical Condition:** f
- **Date of Admission:** 2022-11-05
- **Doctor:** DOC_43
- **Hospital:** HOSP_43
- **Insurance Provider:** b
- **Billing Amount:** 10710
- **Room Number:** 468
- **Admission Type:** a
- **Discharge Date:** 2023-04-21
- **Medication:** d
- **Test Results:** b

### Respondent 79

- **Age:** 43
- **Gender:** a
- **Blood Type:** d
- **Medical Condition:** b
- **Date of Admission:** 2021-01-07
- **Doctor:** DOC_79
- **Hospital:** HOSP_79
- **Insurance Provider:** a
- **Billing Amount:** 7187
- **Room Number:** 300
- **Admission Type:** c
- **Discharge Date:** 2020-12-18
- **Medication:** b
- **Test Results:** c

### Respondent 146

- **Age:** 34
- **Gender:** a
- **Blood Type:** f
- **Medical Condition:** d
- **Date of Admission:** 2021-03-04
- **Doctor:** DOC_146
- **Hospital:** HOSP_146
- **Insurance Provider:** c
- **Billing Amount:** 1590
- **Room Number:** 245
- **Admission Type:** b
- **Discharge Date:** 2021-02-06
- **Medication:** e
- **Test Results:** b

### Respondent 74

- **Age:** 83
- **Gender:** b
- **Blood Type:** b
- **Medical Condition:** a
- **Date of Admission:** 2021-02-07
- **Doctor:** DOC_74
- **Hospital:** HOSP_74
- **Insurance Provider:** e
- **Billing Amount:** 40783
- **Room Number:** 425
- **Admission Type:** b
- **Discharge Date:** 2021-06-03
- **Medication:** a
- **Test Results:** a

### Respondent 113

- **Age:** 36
- **Gender:** b
- **Blood Type:** b
- **Medical Condition:** e
- **Date of Admission:** 2021-05-14
- **Doctor:** DOC_113
- **Hospital:** HOSP_113
- **Insurance Provider:** b
- **Billing Amount:** 19328
- **Room Number:** 268
- **Admission Type:** a
- **Discharge Date:** 2021-03-20
- **Medication:** a
- **Test Results:** a

",None,"<example>
List all respondents with doctor = 'DOC_107' and hospital = 'HOSP_148'.

DATA:

# Survey Data

## Questions

- **Age:** What is your age? [Open-ended]
- **Gender:** What is your gender? [MCQ: A. Female B. Male]
- **Blood Type:** What is your blood type? [MCQ: A. A+ B. A- C. AB+ D. AB- E. B+ F. B- G. O+ H. O-]
- **Medical Condition:** What is your medical condition? [MCQ: A. Arthritis B. Asthma C. Cancer D. Diabetes E. Hypertension F. Obesity]
- **Date of Admission:** What is your date of admission? [Open-ended]
- **Doctor:** What is your doctor? [Open-ended]
- **Hospital:** What is your hospital? [Open-ended]
- **Insurance Provider:** What is your insurance provider? [MCQ: A. Aetna B. Blue Cross C. Cigna D. Medicare E. UnitedHealthcare]
- **Billing Amount:** What is your billing amount? [Open-ended]
- **Room Number:** What is your room number? [Open-ended]
- **Admission Type:** What is your admission type? [MCQ: A. Elective B. Emergency C. Urgent]
- **Discharge Date:** What is your discharge date? [Open-ended]
- **Medication:** What is your medication? [MCQ: A. Aspirin B. Ibuprofen C. Lipitor D. Paracetamol E. Penicillin]
- **Test Results:** What is your test results? [MCQ: A. Abnormal B. Inconclusive C. Normal]

## Responses

### Respondent 43

- **Age:** 47
- **Gender:** a
- **Blood Type:** d
- **Medical Condition:** f
- **Date of Admission:** 2022-11-05
- **Doctor:** DOC_43
- **Hospital:** HOSP_43
- **Insurance Provider:** b
- **Billing Amount:** 10710
- **Room Number:** 468
- **Admission Type:** a
- **Discharge Date:** 2023-04-21
- **Medication:** d
- **Test Results:** b

### Respondent 79

- **Age:** 43
- **Gender:** a
- **Blood Type:** d
- **Medical Condition:** b
- **Date of Admission:** 2021-01-07
- **Doctor:** DOC_79
- **Hospital:** HOSP_79
- **Insurance Provider:** a
- **Billing Amount:** 7187
- **Room Number:** 300
- **Admission Type:** c
- **Discharge Date:** 2020-12-18
- **Medication:** b
- **Test Results:** c

### Respondent 146

- **Age:** 34
- **Gender:** a
- **Blood Type:** f
- **Medical Condition:** d
- **Date of Admission:** 2021-03-04
- **Doctor:** DOC_146
- **Hospital:** HOSP_146
- **Insurance Provider:** c
- **Billing Amount:** 1590
- **Room Number:** 245
- **Admission Type:** b
- **Discharge Date:** 2021-02-06
- **Medication:** e
- **Test Results:** b

### Respondent 74

- **Age:** 83
- **Gender:** b
- **Blood Type:** b
- **Medical Condition:** a
- **Date of Admission:** 2021-02-07
- **Doctor:** DOC_74
- **Hospital:** HOSP_74
- **Insurance Provider:** e
- **Billing Amount:** 40783
- **Room Number:** 425
- **Admission Type:** b
- **Discharge Date:** 2021-06-03
- **Medication:** a
- **Test Results:** a

### Respondent 113

- **Age:** 36
- **Gender:** b
- **Blood Type:** b
- **Medical Condition:** e
- **Date of Admission:** 2021-05-14
- **Doctor:** DOC_113
- **Hospital:** HOSP_113
- **Insurance Provider:** b
- **Billing Amount:** 19328
- **Room Number:** 268
- **Admission Type:** a
- **Discharge Date:** 2021-03-20
- **Medication:** a
- **Test Results:** a



Answer: None
</example>

<questionnaire>
# Survey Data

## Questions

- **Age:** What is your age? [Open-ended]
- **Gender:** What is your gender? [MCQ: A. Female B. Male]
- **Blood Type:** What is your blood type? [MCQ: A. A+ B. A- C. AB+ D. AB- E. B+ F. B- G. O+ H. O-]
- **Medical Condition:** What is your medical condition? [MCQ: A. Arthritis B. Asthma C. Cancer D. Diabetes E. Hypertension F. Obesity]
- **Date of Admission:** What is your date of admission? [Open-ended]
- **Doctor:** What is your doctor? [Open-ended]
- **Hospital:** What is your hospital? [Open-ended]
- **Insurance Provider:** What is your insurance provider? [MCQ: A. Aetna B. Blue Cross C. Cigna D. Medicare E. UnitedHealthcare]
- **Billing Amount:** What is your billing amount? [Open-ended]
- **Room Number:** What is your room number? [Open-ended]
- **Admission Type:** What is your admission type? [MCQ: A. Elective B. Emergency C. Urgent]
- **Discharge Date:** What is your discharge date? [Open-ended]
- **Medication:** What is your medication? [MCQ: A. Aspirin B. Ibuprofen C. Lipitor D. Paracetamol E. Penicillin]
- **Test Results:** What is your test results? [MCQ: A. Abnormal B. Inconclusive C. Normal]

## Responses

### Respondent 43

- **Age:** 47
- **Gender:** a
- **Blood Type:** d
- **Medical Condition:** f
- **Date of Admission:** 2022-11-05
- **Doctor:** DOC_43
- **Hospital:** HOSP_43
- **Insurance Provider:** b
- **Billing Amount:** 10710
- **Room Number:** 468
- **Admission Type:** a
- **Discharge Date:** 2023-04-21
- **Medication:** d
- **Test Results:** b

### Respondent 79

- **Age:** 43
- **Gender:** a
- **Blood Type:** d
- **Medical Condition:** b
- **Date of Admission:** 2021-01-07
- **Doctor:** DOC_79
- **Hospital:** HOSP_79
- **Insurance Provider:** a
- **Billing Amount:** 7187
- **Room Number:** 300
- **Admission Type:** c
- **Discharge Date:** 2020-12-18
- **Medication:** b
- **Test Results:** c

### Respondent 146

- **Age:** 34
- **Gender:** a
- **Blood Type:** f
- **Medical Condition:** d
- **Date of Admission:** 2021-03-04
- **Doctor:** DOC_146
- **Hospital:** HOSP_146
- **Insurance Provider:** c
- **Billing Amount:** 1590
- **Room Number:** 245
- **Admission Type:** b
- **Discharge Date:** 2021-02-06
- **Medication:** e
- **Test Results:** b

### Respondent 74

- **Age:** 83
- **Gender:** b
- **Blood Type:** b
- **Medical Condition:** a
- **Date of Admission:** 2021-02-07
- **Doctor:** DOC_74
- **Hospital:** HOSP_74
- **Insurance Provider:** e
- **Billing Amount:** 40783
- **Room Number:** 425
- **Admission Type:** b
- **Discharge Date:** 2021-06-03
- **Medication:** a
- **Test Results:** a

### Respondent 113

- **Age:** 36
- **Gender:** b
- **Blood Type:** b
- **Medical Condition:** e
- **Date of Admission:** 2021-05-14
- **Doctor:** DOC_113
- **Hospital:** HOSP_113
- **Insurance Provider:** b
- **Billing Amount:** 19328
- **Room Number:** 268
- **Admission Type:** a
- **Discharge Date:** 2021-03-20
- **Medication:** a
- **Test Results:** a


</questionnaire>

<role>
You are a meticulous data analyst AI. Your primary function is to accurately analyze structured data and provide precise, verifiable answers.
</role>

<format>
You will be given a dataset with two key parts:

A 'questions' section: This is your data dictionary or schema. It is the single source of truth for understanding what each field and score means. Refer to it carefully.

A 'responses' section: This contains the raw data from each individual respondent.

To answer the question correctly, you must first use the 'questions' schema to fully understand the context and meaning of the data points within the 'responses'. Do not rely on any prior knowledge outside of this provided data. Base your entire analysis on the information given.
</format>

<output>
Provide your final answer directly and concisely. Output must be the human-readable value, not an option code.

Rules:
- For MCQ fields, map any letter codes in the Responses (case-insensitive) to the corresponding option text from the Questions schema, and output only that text. Do NOT include the letter or both.
  Example: If the schema is ""[MCQ: A. Abnormal B. Inconclusive C. Normal]"" and the response is ""a"", output ""Abnormal"".
- For open-ended fields, output the exact text value.
- If the question asks for a count, provide only the number (e.g., ""42"").
- If the question asks for a list of names or IDs, provide a simple comma-separated list (e.g., ""17, 21, 23"").
- Preserve capitalization exactly as in the schema (e.g., output ""Abnormal"", not ""abnormal"" or ""A"").
</output>

<task>
List all respondents who are treated by the same doctor as the patient in room '245' and were admitted for the same admission type.
</task>","To solve this, we first identify the patient in room '245' and determine their **Doctor** and **Admission Type**.

### Step 1: Identify the patient in room '245'
- **Respondent 146** has **Room Number:** '245'.
  - **Doctor:** DOC_146
  - **Admission Type:** b (Emergency)

### Step 2: Find all respondents with the same **Doctor** and **Admission Type**
- **Doctor:** DOC_146
- **Admission Type:** b (Emergency)

Now, we look for all respondents with **Doctor = DOC_146** and **Admission Type = Emergency**.

- Only **Respondent 146** matches both criteria.

### Final Answer:
146",False
case_36,answer_reverse_lookup,List all respondents who are treated by the same doctor as the patient in room '300' and were admitted for the same admission type.,"# Survey Data

## Questions

- **Age:** What is your age? [Open-ended]
- **Gender:** What is your gender? [MCQ: A. Female B. Male]
- **Blood Type:** What is your blood type? [MCQ: A. A+ B. A- C. AB+ D. AB- E. B+ F. B- G. O+ H. O-]
- **Medical Condition:** What is your medical condition? [MCQ: A. Arthritis B. Asthma C. Cancer D. Diabetes E. Hypertension F. Obesity]
- **Date of Admission:** What is your date of admission? [Open-ended]
- **Doctor:** What is your doctor? [Open-ended]
- **Hospital:** What is your hospital? [Open-ended]
- **Insurance Provider:** What is your insurance provider? [MCQ: A. Aetna B. Blue Cross C. Cigna D. Medicare E. UnitedHealthcare]
- **Billing Amount:** What is your billing amount? [Open-ended]
- **Room Number:** What is your room number? [Open-ended]
- **Admission Type:** What is your admission type? [MCQ: A. Elective B. Emergency C. Urgent]
- **Discharge Date:** What is your discharge date? [Open-ended]
- **Medication:** What is your medication? [MCQ: A. Aspirin B. Ibuprofen C. Lipitor D. Paracetamol E. Penicillin]
- **Test Results:** What is your test results? [MCQ: A. Abnormal B. Inconclusive C. Normal]

## Responses

### Respondent 120

- **Age:** 51
- **Gender:** b
- **Blood Type:** f
- **Medical Condition:** b
- **Date of Admission:** 2021-08-01
- **Doctor:** DOC_120
- **Hospital:** HOSP_120
- **Insurance Provider:** a
- **Billing Amount:** 49402
- **Room Number:** 361
- **Admission Type:** c
- **Discharge Date:** 2021-07-01
- **Medication:** d
- **Test Results:** b

### Respondent 78

- **Age:** 38
- **Gender:** b
- **Blood Type:** e
- **Medical Condition:** d
- **Date of Admission:** 2024-01-13
- **Doctor:** DOC_78
- **Hospital:** HOSP_78
- **Insurance Provider:** d
- **Billing Amount:** 23068
- **Room Number:** 310
- **Admission Type:** c
- **Discharge Date:** 2024-01-22
- **Medication:** a
- **Test Results:** b

### Respondent 104

- **Age:** 60
- **Gender:** b
- **Blood Type:** b
- **Medical Condition:** f
- **Date of Admission:** 2019-11-03
- **Doctor:** DOC_104
- **Hospital:** HOSP_104
- **Insurance Provider:** c
- **Billing Amount:** 4532
- **Room Number:** 300
- **Admission Type:** a
- **Discharge Date:** 2019-11-23
- **Medication:** e
- **Test Results:** b

### Respondent 70

- **Age:** 49
- **Gender:** b
- **Blood Type:** b
- **Medical Condition:** d
- **Date of Admission:** 2019-07-09
- **Doctor:** DOC_70
- **Hospital:** HOSP_70
- **Insurance Provider:** d
- **Billing Amount:** 32643
- **Room Number:** 424
- **Admission Type:** a
- **Discharge Date:** 2019-09-01
- **Medication:** e
- **Test Results:** b

### Respondent 129

- **Age:** 35
- **Gender:** a
- **Blood Type:** e
- **Medical Condition:** d
- **Date of Admission:** 2021-06-09
- **Doctor:** DOC_129
- **Hospital:** HOSP_129
- **Insurance Provider:** b
- **Billing Amount:** 30358
- **Room Number:** 318
- **Admission Type:** a
- **Discharge Date:** 2021-11-04
- **Medication:** b
- **Test Results:** a

### Respondent 139

- **Age:** 33
- **Gender:** 
- **Blood Type:** f
- **Medical Condition:** b
- **Date of Admission:** 2024-02-06
- **Doctor:** DOC_139
- **Hospital:** HOSP_139
- **Insurance Provider:** b
- **Billing Amount:** 18843
- **Room Number:** 330
- **Admission Type:** c
- **Discharge Date:** 2024-02-03
- **Medication:** a
- **Test Results:** c

",None,"<example>
List all respondents with doctor = 'DOC_107' and hospital = 'HOSP_148'.

DATA:

# Survey Data

## Questions

- **Age:** What is your age? [Open-ended]
- **Gender:** What is your gender? [MCQ: A. Female B. Male]
- **Blood Type:** What is your blood type? [MCQ: A. A+ B. A- C. AB+ D. AB- E. B+ F. B- G. O+ H. O-]
- **Medical Condition:** What is your medical condition? [MCQ: A. Arthritis B. Asthma C. Cancer D. Diabetes E. Hypertension F. Obesity]
- **Date of Admission:** What is your date of admission? [Open-ended]
- **Doctor:** What is your doctor? [Open-ended]
- **Hospital:** What is your hospital? [Open-ended]
- **Insurance Provider:** What is your insurance provider? [MCQ: A. Aetna B. Blue Cross C. Cigna D. Medicare E. UnitedHealthcare]
- **Billing Amount:** What is your billing amount? [Open-ended]
- **Room Number:** What is your room number? [Open-ended]
- **Admission Type:** What is your admission type? [MCQ: A. Elective B. Emergency C. Urgent]
- **Discharge Date:** What is your discharge date? [Open-ended]
- **Medication:** What is your medication? [MCQ: A. Aspirin B. Ibuprofen C. Lipitor D. Paracetamol E. Penicillin]
- **Test Results:** What is your test results? [MCQ: A. Abnormal B. Inconclusive C. Normal]

## Responses

### Respondent 120

- **Age:** 51
- **Gender:** b
- **Blood Type:** f
- **Medical Condition:** b
- **Date of Admission:** 2021-08-01
- **Doctor:** DOC_120
- **Hospital:** HOSP_120
- **Insurance Provider:** a
- **Billing Amount:** 49402
- **Room Number:** 361
- **Admission Type:** c
- **Discharge Date:** 2021-07-01
- **Medication:** d
- **Test Results:** b

### Respondent 78

- **Age:** 38
- **Gender:** b
- **Blood Type:** e
- **Medical Condition:** d
- **Date of Admission:** 2024-01-13
- **Doctor:** DOC_78
- **Hospital:** HOSP_78
- **Insurance Provider:** d
- **Billing Amount:** 23068
- **Room Number:** 310
- **Admission Type:** c
- **Discharge Date:** 2024-01-22
- **Medication:** a
- **Test Results:** b

### Respondent 104

- **Age:** 60
- **Gender:** b
- **Blood Type:** b
- **Medical Condition:** f
- **Date of Admission:** 2019-11-03
- **Doctor:** DOC_104
- **Hospital:** HOSP_104
- **Insurance Provider:** c
- **Billing Amount:** 4532
- **Room Number:** 300
- **Admission Type:** a
- **Discharge Date:** 2019-11-23
- **Medication:** e
- **Test Results:** b

### Respondent 70

- **Age:** 49
- **Gender:** b
- **Blood Type:** b
- **Medical Condition:** d
- **Date of Admission:** 2019-07-09
- **Doctor:** DOC_70
- **Hospital:** HOSP_70
- **Insurance Provider:** d
- **Billing Amount:** 32643
- **Room Number:** 424
- **Admission Type:** a
- **Discharge Date:** 2019-09-01
- **Medication:** e
- **Test Results:** b

### Respondent 129

- **Age:** 35
- **Gender:** a
- **Blood Type:** e
- **Medical Condition:** d
- **Date of Admission:** 2021-06-09
- **Doctor:** DOC_129
- **Hospital:** HOSP_129
- **Insurance Provider:** b
- **Billing Amount:** 30358
- **Room Number:** 318
- **Admission Type:** a
- **Discharge Date:** 2021-11-04
- **Medication:** b
- **Test Results:** a

### Respondent 139

- **Age:** 33
- **Gender:** 
- **Blood Type:** f
- **Medical Condition:** b
- **Date of Admission:** 2024-02-06
- **Doctor:** DOC_139
- **Hospital:** HOSP_139
- **Insurance Provider:** b
- **Billing Amount:** 18843
- **Room Number:** 330
- **Admission Type:** c
- **Discharge Date:** 2024-02-03
- **Medication:** a
- **Test Results:** c



Answer: None
</example>

<questionnaire>
# Survey Data

## Questions

- **Age:** What is your age? [Open-ended]
- **Gender:** What is your gender? [MCQ: A. Female B. Male]
- **Blood Type:** What is your blood type? [MCQ: A. A+ B. A- C. AB+ D. AB- E. B+ F. B- G. O+ H. O-]
- **Medical Condition:** What is your medical condition? [MCQ: A. Arthritis B. Asthma C. Cancer D. Diabetes E. Hypertension F. Obesity]
- **Date of Admission:** What is your date of admission? [Open-ended]
- **Doctor:** What is your doctor? [Open-ended]
- **Hospital:** What is your hospital? [Open-ended]
- **Insurance Provider:** What is your insurance provider? [MCQ: A. Aetna B. Blue Cross C. Cigna D. Medicare E. UnitedHealthcare]
- **Billing Amount:** What is your billing amount? [Open-ended]
- **Room Number:** What is your room number? [Open-ended]
- **Admission Type:** What is your admission type? [MCQ: A. Elective B. Emergency C. Urgent]
- **Discharge Date:** What is your discharge date? [Open-ended]
- **Medication:** What is your medication? [MCQ: A. Aspirin B. Ibuprofen C. Lipitor D. Paracetamol E. Penicillin]
- **Test Results:** What is your test results? [MCQ: A. Abnormal B. Inconclusive C. Normal]

## Responses

### Respondent 120

- **Age:** 51
- **Gender:** b
- **Blood Type:** f
- **Medical Condition:** b
- **Date of Admission:** 2021-08-01
- **Doctor:** DOC_120
- **Hospital:** HOSP_120
- **Insurance Provider:** a
- **Billing Amount:** 49402
- **Room Number:** 361
- **Admission Type:** c
- **Discharge Date:** 2021-07-01
- **Medication:** d
- **Test Results:** b

### Respondent 78

- **Age:** 38
- **Gender:** b
- **Blood Type:** e
- **Medical Condition:** d
- **Date of Admission:** 2024-01-13
- **Doctor:** DOC_78
- **Hospital:** HOSP_78
- **Insurance Provider:** d
- **Billing Amount:** 23068
- **Room Number:** 310
- **Admission Type:** c
- **Discharge Date:** 2024-01-22
- **Medication:** a
- **Test Results:** b

### Respondent 104

- **Age:** 60
- **Gender:** b
- **Blood Type:** b
- **Medical Condition:** f
- **Date of Admission:** 2019-11-03
- **Doctor:** DOC_104
- **Hospital:** HOSP_104
- **Insurance Provider:** c
- **Billing Amount:** 4532
- **Room Number:** 300
- **Admission Type:** a
- **Discharge Date:** 2019-11-23
- **Medication:** e
- **Test Results:** b

### Respondent 70

- **Age:** 49
- **Gender:** b
- **Blood Type:** b
- **Medical Condition:** d
- **Date of Admission:** 2019-07-09
- **Doctor:** DOC_70
- **Hospital:** HOSP_70
- **Insurance Provider:** d
- **Billing Amount:** 32643
- **Room Number:** 424
- **Admission Type:** a
- **Discharge Date:** 2019-09-01
- **Medication:** e
- **Test Results:** b

### Respondent 129

- **Age:** 35
- **Gender:** a
- **Blood Type:** e
- **Medical Condition:** d
- **Date of Admission:** 2021-06-09
- **Doctor:** DOC_129
- **Hospital:** HOSP_129
- **Insurance Provider:** b
- **Billing Amount:** 30358
- **Room Number:** 318
- **Admission Type:** a
- **Discharge Date:** 2021-11-04
- **Medication:** b
- **Test Results:** a

### Respondent 139

- **Age:** 33
- **Gender:** 
- **Blood Type:** f
- **Medical Condition:** b
- **Date of Admission:** 2024-02-06
- **Doctor:** DOC_139
- **Hospital:** HOSP_139
- **Insurance Provider:** b
- **Billing Amount:** 18843
- **Room Number:** 330
- **Admission Type:** c
- **Discharge Date:** 2024-02-03
- **Medication:** a
- **Test Results:** c


</questionnaire>

<role>
You are a meticulous data analyst AI. Your primary function is to accurately analyze structured data and provide precise, verifiable answers.
</role>

<format>
You will be given a dataset with two key parts:

A 'questions' section: This is your data dictionary or schema. It is the single source of truth for understanding what each field and score means. Refer to it carefully.

A 'responses' section: This contains the raw data from each individual respondent.

To answer the question correctly, you must first use the 'questions' schema to fully understand the context and meaning of the data points within the 'responses'. Do not rely on any prior knowledge outside of this provided data. Base your entire analysis on the information given.
</format>

<output>
Provide your final answer directly and concisely. Output must be the human-readable value, not an option code.

Rules:
- For MCQ fields, map any letter codes in the Responses (case-insensitive) to the corresponding option text from the Questions schema, and output only that text. Do NOT include the letter or both.
  Example: If the schema is ""[MCQ: A. Abnormal B. Inconclusive C. Normal]"" and the response is ""a"", output ""Abnormal"".
- For open-ended fields, output the exact text value.
- If the question asks for a count, provide only the number (e.g., ""42"").
- If the question asks for a list of names or IDs, provide a simple comma-separated list (e.g., ""17, 21, 23"").
- Preserve capitalization exactly as in the schema (e.g., output ""Abnormal"", not ""abnormal"" or ""A"").
</output>

<task>
List all respondents who are treated by the same doctor as the patient in room '300' and were admitted for the same admission type.
</task>","To solve this, we need to:

1. Identify the **doctor** and **admission type** of the patient in **room '300'**.
2. Find all other respondents who share the **same doctor** and **admission type**.

### Step 1: Identify the doctor and admission type for the patient in room '300'
- **Respondent 104** is in **room 300**.
  - **Doctor:** DOC_104
  - **Admission Type:** A. Elective

### Step 2: Find all respondents with **Doctor = DOC_104** and **Admission Type = Elective**
- Only **Respondent 104** matches both criteria.

### Final Answer:
104",False
case_37,answer_reverse_lookup,List all respondents who are treated by the same doctor as the patient in room '268' and were admitted for the same admission type.,"# Survey Data

## Questions

- **Age:** What is your age? [Open-ended]
- **Gender:** What is your gender? [MCQ: A. Female B. Male]
- **Blood Type:** What is your blood type? [MCQ: A. A+ B. A- C. AB+ D. AB- E. B+ F. B- G. O+ H. O-]
- **Medical Condition:** What is your medical condition? [MCQ: A. Arthritis B. Asthma C. Cancer D. Diabetes E. Hypertension F. Obesity]
- **Date of Admission:** What is your date of admission? [Open-ended]
- **Doctor:** What is your doctor? [Open-ended]
- **Hospital:** What is your hospital? [Open-ended]
- **Insurance Provider:** What is your insurance provider? [MCQ: A. Aetna B. Blue Cross C. Cigna D. Medicare E. UnitedHealthcare]
- **Billing Amount:** What is your billing amount? [Open-ended]
- **Room Number:** What is your room number? [Open-ended]
- **Admission Type:** What is your admission type? [MCQ: A. Elective B. Emergency C. Urgent]
- **Discharge Date:** What is your discharge date? [Open-ended]
- **Medication:** What is your medication? [MCQ: A. Aspirin B. Ibuprofen C. Lipitor D. Paracetamol E. Penicillin]
- **Test Results:** What is your test results? [MCQ: A. Abnormal B. Inconclusive C. Normal]

## Responses

### Respondent 113

- **Age:** 36
- **Gender:** b
- **Blood Type:** b
- **Medical Condition:** e
- **Date of Admission:** 2021-05-14
- **Doctor:** DOC_113
- **Hospital:** HOSP_113
- **Insurance Provider:** b
- **Billing Amount:** 19328
- **Room Number:** 268
- **Admission Type:** a
- **Discharge Date:** 2021-03-20
- **Medication:** a
- **Test Results:** a

### Respondent 21

- **Age:** 57
- **Gender:** b
- **Blood Type:** e
- **Medical Condition:** a
- **Date of Admission:** 2021-11-13
- **Doctor:** DOC_21
- **Hospital:** HOSP_21
- **Insurance Provider:** e
- **Billing Amount:** 45586
- **Room Number:** 251
- **Admission Type:** b
- **Discharge Date:** 2021-08-19
- **Medication:** e
- **Test Results:** b

### Respondent 11

- **Age:** 76
- **Gender:** b
- **Blood Type:** c
- **Medical Condition:** e
- **Date of Admission:** 2022-07-07
- **Doctor:** DOC_11
- **Hospital:** HOSP_11
- **Insurance Provider:** e
- **Billing Amount:** 43
- **Room Number:** 394
- **Admission Type:** b
- **Discharge Date:** 2022-07-23
- **Medication:** b
- **Test Results:** b

### Respondent 111

- **Age:** 19
- **Gender:** a
- **Blood Type:** d
- **Medical Condition:** a
- **Date of Admission:** 2022-03-12
- **Doctor:** DOC_111
- **Hospital:** HOSP_111
- **Insurance Provider:** a
- **Billing Amount:** 3126
- **Room Number:** 249
- **Admission Type:** b
- **Discharge Date:** 2022-06-24
- **Medication:** a
- **Test Results:** b

### Respondent 83

- **Age:** 24
- **Gender:** a
- **Blood Type:** a
- **Medical Condition:** a
- **Date of Admission:** 2019-06-15
- **Doctor:** DOC_83
- **Hospital:** HOSP_83
- **Insurance Provider:** e
- **Billing Amount:** 25966
- **Room Number:** 102
- **Admission Type:** c
- **Discharge Date:** 2019-11-29
- **Medication:** e
- **Test Results:** a

### Respondent 65

- **Age:** 33
- **Gender:** a
- **Blood Type:** g
- **Medical Condition:** e
- **Date of Admission:** 2021-12-28
- **Doctor:** DOC_65
- **Hospital:** HOSP_65
- **Insurance Provider:** c
- **Billing Amount:** 29851
- **Room Number:** 211
- **Admission Type:** a
- **Discharge Date:** 2021-12-09
- **Medication:** d
- **Test Results:** c

### Respondent 7

- **Age:** 57
- **Gender:** b
- **Blood Type:** f
- **Medical Condition:** d
- **Date of Admission:** 2021-03-05
- **Doctor:** DOC_07
- **Hospital:** HOSP_07
- **Insurance Provider:** c
- **Billing Amount:** 34758
- **Room Number:** 368
- **Admission Type:** b
- **Discharge Date:** 2021-03-05
- **Medication:** a
- **Test Results:** c

### Respondent 24

- **Age:** 31
- **Gender:** a
- **Blood Type:** c
- **Medical Condition:** d
- **Date of Admission:** 2020-01-21
- **Doctor:** DOC_24
- **Hospital:** HOSP_24
- **Insurance Provider:** b
- **Billing Amount:** 8521
- **Room Number:** 295
- **Admission Type:** b
- **Discharge Date:** 2020-02-10
- **Medication:** c
- **Test Results:** c

### Respondent 59

- **Age:** 52
- **Gender:** a
- **Blood Type:** h
- **Medical Condition:** f
- **Date of Admission:** 2020-05-30
- **Doctor:** DOC_59
- **Hospital:** HOSP_59
- **Insurance Provider:** e
- **Billing Amount:** 40702
- **Room Number:** 115
- **Admission Type:** c
- **Discharge Date:** 2020-09-06
- **Medication:** d
- **Test Results:** c

### Respondent 148

- **Age:** 20
- **Gender:** b
- **Blood Type:** g
- **Medical Condition:** e
- **Date of Admission:** 2023-08-17
- **Doctor:** DOC_148
- **Hospital:** HOSP_148
- **Insurance Provider:** e
- **Billing Amount:** 28838
- **Room Number:** 177
- **Admission Type:** c
- **Discharge Date:** 2023-10-12
- **Medication:** b
- **Test Results:** a

### Respondent 6

- **Age:** 62
- **Gender:** b
- **Blood Type:** e
- **Medical Condition:** e
- **Date of Admission:** 2022-09-19
- **Doctor:** DOC_06
- **Hospital:** HOSP_06
- **Insurance Provider:** b
- **Billing Amount:** 25835
- **Room Number:** 489
- **Admission Type:** a
- **Discharge Date:** 2022-08-10
- **Medication:** d
- **Test Results:** b

### Respondent 69

- **Age:** 18
- **Gender:** b
- **Blood Type:** b
- **Medical Condition:** f
- **Date of Admission:** 2022-01-09
- **Doctor:** DOC_69
- **Hospital:** HOSP_69
- **Insurance Provider:** a
- **Billing Amount:** 46957
- **Room Number:** 331
- **Admission Type:** b
- **Discharge Date:** 2022-01-12
- **Medication:** a
- **Test Results:** b

",None,"<example>
List all respondents with doctor = 'DOC_107' and hospital = 'HOSP_148'.

DATA:

# Survey Data

## Questions

- **Age:** What is your age? [Open-ended]
- **Gender:** What is your gender? [MCQ: A. Female B. Male]
- **Blood Type:** What is your blood type? [MCQ: A. A+ B. A- C. AB+ D. AB- E. B+ F. B- G. O+ H. O-]
- **Medical Condition:** What is your medical condition? [MCQ: A. Arthritis B. Asthma C. Cancer D. Diabetes E. Hypertension F. Obesity]
- **Date of Admission:** What is your date of admission? [Open-ended]
- **Doctor:** What is your doctor? [Open-ended]
- **Hospital:** What is your hospital? [Open-ended]
- **Insurance Provider:** What is your insurance provider? [MCQ: A. Aetna B. Blue Cross C. Cigna D. Medicare E. UnitedHealthcare]
- **Billing Amount:** What is your billing amount? [Open-ended]
- **Room Number:** What is your room number? [Open-ended]
- **Admission Type:** What is your admission type? [MCQ: A. Elective B. Emergency C. Urgent]
- **Discharge Date:** What is your discharge date? [Open-ended]
- **Medication:** What is your medication? [MCQ: A. Aspirin B. Ibuprofen C. Lipitor D. Paracetamol E. Penicillin]
- **Test Results:** What is your test results? [MCQ: A. Abnormal B. Inconclusive C. Normal]

## Responses

### Respondent 113

- **Age:** 36
- **Gender:** b
- **Blood Type:** b
- **Medical Condition:** e
- **Date of Admission:** 2021-05-14
- **Doctor:** DOC_113
- **Hospital:** HOSP_113
- **Insurance Provider:** b
- **Billing Amount:** 19328
- **Room Number:** 268
- **Admission Type:** a
- **Discharge Date:** 2021-03-20
- **Medication:** a
- **Test Results:** a

### Respondent 21

- **Age:** 57
- **Gender:** b
- **Blood Type:** e
- **Medical Condition:** a
- **Date of Admission:** 2021-11-13
- **Doctor:** DOC_21
- **Hospital:** HOSP_21
- **Insurance Provider:** e
- **Billing Amount:** 45586
- **Room Number:** 251
- **Admission Type:** b
- **Discharge Date:** 2021-08-19
- **Medication:** e
- **Test Results:** b

### Respondent 11

- **Age:** 76
- **Gender:** b
- **Blood Type:** c
- **Medical Condition:** e
- **Date of Admission:** 2022-07-07
- **Doctor:** DOC_11
- **Hospital:** HOSP_11
- **Insurance Provider:** e
- **Billing Amount:** 43
- **Room Number:** 394
- **Admission Type:** b
- **Discharge Date:** 2022-07-23
- **Medication:** b
- **Test Results:** b

### Respondent 111

- **Age:** 19
- **Gender:** a
- **Blood Type:** d
- **Medical Condition:** a
- **Date of Admission:** 2022-03-12
- **Doctor:** DOC_111
- **Hospital:** HOSP_111
- **Insurance Provider:** a
- **Billing Amount:** 3126
- **Room Number:** 249
- **Admission Type:** b
- **Discharge Date:** 2022-06-24
- **Medication:** a
- **Test Results:** b

### Respondent 83

- **Age:** 24
- **Gender:** a
- **Blood Type:** a
- **Medical Condition:** a
- **Date of Admission:** 2019-06-15
- **Doctor:** DOC_83
- **Hospital:** HOSP_83
- **Insurance Provider:** e
- **Billing Amount:** 25966
- **Room Number:** 102
- **Admission Type:** c
- **Discharge Date:** 2019-11-29
- **Medication:** e
- **Test Results:** a

### Respondent 65

- **Age:** 33
- **Gender:** a
- **Blood Type:** g
- **Medical Condition:** e
- **Date of Admission:** 2021-12-28
- **Doctor:** DOC_65
- **Hospital:** HOSP_65
- **Insurance Provider:** c
- **Billing Amount:** 29851
- **Room Number:** 211
- **Admission Type:** a
- **Discharge Date:** 2021-12-09
- **Medication:** d
- **Test Results:** c

### Respondent 7

- **Age:** 57
- **Gender:** b
- **Blood Type:** f
- **Medical Condition:** d
- **Date of Admission:** 2021-03-05
- **Doctor:** DOC_07
- **Hospital:** HOSP_07
- **Insurance Provider:** c
- **Billing Amount:** 34758
- **Room Number:** 368
- **Admission Type:** b
- **Discharge Date:** 2021-03-05
- **Medication:** a
- **Test Results:** c

### Respondent 24

- **Age:** 31
- **Gender:** a
- **Blood Type:** c
- **Medical Condition:** d
- **Date of Admission:** 2020-01-21
- **Doctor:** DOC_24
- **Hospital:** HOSP_24
- **Insurance Provider:** b
- **Billing Amount:** 8521
- **Room Number:** 295
- **Admission Type:** b
- **Discharge Date:** 2020-02-10
- **Medication:** c
- **Test Results:** c

### Respondent 59

- **Age:** 52
- **Gender:** a
- **Blood Type:** h
- **Medical Condition:** f
- **Date of Admission:** 2020-05-30
- **Doctor:** DOC_59
- **Hospital:** HOSP_59
- **Insurance Provider:** e
- **Billing Amount:** 40702
- **Room Number:** 115
- **Admission Type:** c
- **Discharge Date:** 2020-09-06
- **Medication:** d
- **Test Results:** c

### Respondent 148

- **Age:** 20
- **Gender:** b
- **Blood Type:** g
- **Medical Condition:** e
- **Date of Admission:** 2023-08-17
- **Doctor:** DOC_148
- **Hospital:** HOSP_148
- **Insurance Provider:** e
- **Billing Amount:** 28838
- **Room Number:** 177
- **Admission Type:** c
- **Discharge Date:** 2023-10-12
- **Medication:** b
- **Test Results:** a

### Respondent 6

- **Age:** 62
- **Gender:** b
- **Blood Type:** e
- **Medical Condition:** e
- **Date of Admission:** 2022-09-19
- **Doctor:** DOC_06
- **Hospital:** HOSP_06
- **Insurance Provider:** b
- **Billing Amount:** 25835
- **Room Number:** 489
- **Admission Type:** a
- **Discharge Date:** 2022-08-10
- **Medication:** d
- **Test Results:** b

### Respondent 69

- **Age:** 18
- **Gender:** b
- **Blood Type:** b
- **Medical Condition:** f
- **Date of Admission:** 2022-01-09
- **Doctor:** DOC_69
- **Hospital:** HOSP_69
- **Insurance Provider:** a
- **Billing Amount:** 46957
- **Room Number:** 331
- **Admission Type:** b
- **Discharge Date:** 2022-01-12
- **Medication:** a
- **Test Results:** b



Answer: None
</example>

<questionnaire>
# Survey Data

## Questions

- **Age:** What is your age? [Open-ended]
- **Gender:** What is your gender? [MCQ: A. Female B. Male]
- **Blood Type:** What is your blood type? [MCQ: A. A+ B. A- C. AB+ D. AB- E. B+ F. B- G. O+ H. O-]
- **Medical Condition:** What is your medical condition? [MCQ: A. Arthritis B. Asthma C. Cancer D. Diabetes E. Hypertension F. Obesity]
- **Date of Admission:** What is your date of admission? [Open-ended]
- **Doctor:** What is your doctor? [Open-ended]
- **Hospital:** What is your hospital? [Open-ended]
- **Insurance Provider:** What is your insurance provider? [MCQ: A. Aetna B. Blue Cross C. Cigna D. Medicare E. UnitedHealthcare]
- **Billing Amount:** What is your billing amount? [Open-ended]
- **Room Number:** What is your room number? [Open-ended]
- **Admission Type:** What is your admission type? [MCQ: A. Elective B. Emergency C. Urgent]
- **Discharge Date:** What is your discharge date? [Open-ended]
- **Medication:** What is your medication? [MCQ: A. Aspirin B. Ibuprofen C. Lipitor D. Paracetamol E. Penicillin]
- **Test Results:** What is your test results? [MCQ: A. Abnormal B. Inconclusive C. Normal]

## Responses

### Respondent 113

- **Age:** 36
- **Gender:** b
- **Blood Type:** b
- **Medical Condition:** e
- **Date of Admission:** 2021-05-14
- **Doctor:** DOC_113
- **Hospital:** HOSP_113
- **Insurance Provider:** b
- **Billing Amount:** 19328
- **Room Number:** 268
- **Admission Type:** a
- **Discharge Date:** 2021-03-20
- **Medication:** a
- **Test Results:** a

### Respondent 21

- **Age:** 57
- **Gender:** b
- **Blood Type:** e
- **Medical Condition:** a
- **Date of Admission:** 2021-11-13
- **Doctor:** DOC_21
- **Hospital:** HOSP_21
- **Insurance Provider:** e
- **Billing Amount:** 45586
- **Room Number:** 251
- **Admission Type:** b
- **Discharge Date:** 2021-08-19
- **Medication:** e
- **Test Results:** b

### Respondent 11

- **Age:** 76
- **Gender:** b
- **Blood Type:** c
- **Medical Condition:** e
- **Date of Admission:** 2022-07-07
- **Doctor:** DOC_11
- **Hospital:** HOSP_11
- **Insurance Provider:** e
- **Billing Amount:** 43
- **Room Number:** 394
- **Admission Type:** b
- **Discharge Date:** 2022-07-23
- **Medication:** b
- **Test Results:** b

### Respondent 111

- **Age:** 19
- **Gender:** a
- **Blood Type:** d
- **Medical Condition:** a
- **Date of Admission:** 2022-03-12
- **Doctor:** DOC_111
- **Hospital:** HOSP_111
- **Insurance Provider:** a
- **Billing Amount:** 3126
- **Room Number:** 249
- **Admission Type:** b
- **Discharge Date:** 2022-06-24
- **Medication:** a
- **Test Results:** b

### Respondent 83

- **Age:** 24
- **Gender:** a
- **Blood Type:** a
- **Medical Condition:** a
- **Date of Admission:** 2019-06-15
- **Doctor:** DOC_83
- **Hospital:** HOSP_83
- **Insurance Provider:** e
- **Billing Amount:** 25966
- **Room Number:** 102
- **Admission Type:** c
- **Discharge Date:** 2019-11-29
- **Medication:** e
- **Test Results:** a

### Respondent 65

- **Age:** 33
- **Gender:** a
- **Blood Type:** g
- **Medical Condition:** e
- **Date of Admission:** 2021-12-28
- **Doctor:** DOC_65
- **Hospital:** HOSP_65
- **Insurance Provider:** c
- **Billing Amount:** 29851
- **Room Number:** 211
- **Admission Type:** a
- **Discharge Date:** 2021-12-09
- **Medication:** d
- **Test Results:** c

### Respondent 7

- **Age:** 57
- **Gender:** b
- **Blood Type:** f
- **Medical Condition:** d
- **Date of Admission:** 2021-03-05
- **Doctor:** DOC_07
- **Hospital:** HOSP_07
- **Insurance Provider:** c
- **Billing Amount:** 34758
- **Room Number:** 368
- **Admission Type:** b
- **Discharge Date:** 2021-03-05
- **Medication:** a
- **Test Results:** c

### Respondent 24

- **Age:** 31
- **Gender:** a
- **Blood Type:** c
- **Medical Condition:** d
- **Date of Admission:** 2020-01-21
- **Doctor:** DOC_24
- **Hospital:** HOSP_24
- **Insurance Provider:** b
- **Billing Amount:** 8521
- **Room Number:** 295
- **Admission Type:** b
- **Discharge Date:** 2020-02-10
- **Medication:** c
- **Test Results:** c

### Respondent 59

- **Age:** 52
- **Gender:** a
- **Blood Type:** h
- **Medical Condition:** f
- **Date of Admission:** 2020-05-30
- **Doctor:** DOC_59
- **Hospital:** HOSP_59
- **Insurance Provider:** e
- **Billing Amount:** 40702
- **Room Number:** 115
- **Admission Type:** c
- **Discharge Date:** 2020-09-06
- **Medication:** d
- **Test Results:** c

### Respondent 148

- **Age:** 20
- **Gender:** b
- **Blood Type:** g
- **Medical Condition:** e
- **Date of Admission:** 2023-08-17
- **Doctor:** DOC_148
- **Hospital:** HOSP_148
- **Insurance Provider:** e
- **Billing Amount:** 28838
- **Room Number:** 177
- **Admission Type:** c
- **Discharge Date:** 2023-10-12
- **Medication:** b
- **Test Results:** a

### Respondent 6

- **Age:** 62
- **Gender:** b
- **Blood Type:** e
- **Medical Condition:** e
- **Date of Admission:** 2022-09-19
- **Doctor:** DOC_06
- **Hospital:** HOSP_06
- **Insurance Provider:** b
- **Billing Amount:** 25835
- **Room Number:** 489
- **Admission Type:** a
- **Discharge Date:** 2022-08-10
- **Medication:** d
- **Test Results:** b

### Respondent 69

- **Age:** 18
- **Gender:** b
- **Blood Type:** b
- **Medical Condition:** f
- **Date of Admission:** 2022-01-09
- **Doctor:** DOC_69
- **Hospital:** HOSP_69
- **Insurance Provider:** a
- **Billing Amount:** 46957
- **Room Number:** 331
- **Admission Type:** b
- **Discharge Date:** 2022-01-12
- **Medication:** a
- **Test Results:** b


</questionnaire>

<role>
You are a meticulous data analyst AI. Your primary function is to accurately analyze structured data and provide precise, verifiable answers.
</role>

<format>
You will be given a dataset with two key parts:

A 'questions' section: This is your data dictionary or schema. It is the single source of truth for understanding what each field and score means. Refer to it carefully.

A 'responses' section: This contains the raw data from each individual respondent.

To answer the question correctly, you must first use the 'questions' schema to fully understand the context and meaning of the data points within the 'responses'. Do not rely on any prior knowledge outside of this provided data. Base your entire analysis on the information given.
</format>

<output>
Provide your final answer directly and concisely. Output must be the human-readable value, not an option code.

Rules:
- For MCQ fields, map any letter codes in the Responses (case-insensitive) to the corresponding option text from the Questions schema, and output only that text. Do NOT include the letter or both.
  Example: If the schema is ""[MCQ: A. Abnormal B. Inconclusive C. Normal]"" and the response is ""a"", output ""Abnormal"".
- For open-ended fields, output the exact text value.
- If the question asks for a count, provide only the number (e.g., ""42"").
- If the question asks for a list of names or IDs, provide a simple comma-separated list (e.g., ""17, 21, 23"").
- Preserve capitalization exactly as in the schema (e.g., output ""Abnormal"", not ""abnormal"" or ""A"").
</output>

<task>
List all respondents who are treated by the same doctor as the patient in room '268' and were admitted for the same admission type.
</task>","To solve this, we first identify the patient in room '268' and their associated doctor and admission type.

### Step 1: Identify the patient in room '268'
- **Respondent 113**
  - **Room Number:** 268
  - **Doctor:** DOC_113
  - **Admission Type:** Elective

### Step 2: Find all respondents treated by **DOC_113** and with **Admission Type: Elective**
- **Respondent 113** (matches both criteria)
- No other respondents have **Doctor: DOC_113** or **Admission Type: Elective**.

### Final Answer:
113",False
case_38,answer_reverse_lookup,Which respondents have a calculated length of stay greater than 6 days and do not have a medical condition of 'Cancer'?,"# Survey Data

## Questions

- **Age:** What is your age? [Open-ended]
- **Gender:** What is your gender? [MCQ: A. Female B. Male]
- **Blood Type:** What is your blood type? [MCQ: A. A+ B. A- C. AB+ D. AB- E. B+ F. B- G. O+ H. O-]
- **Medical Condition:** What is your medical condition? [MCQ: A. Arthritis B. Asthma C. Cancer D. Diabetes E. Hypertension F. Obesity]
- **Date of Admission:** What is your date of admission? [Open-ended]
- **Doctor:** What is your doctor? [Open-ended]
- **Hospital:** What is your hospital? [Open-ended]
- **Insurance Provider:** What is your insurance provider? [MCQ: A. Aetna B. Blue Cross C. Cigna D. Medicare E. UnitedHealthcare]
- **Billing Amount:** What is your billing amount? [Open-ended]
- **Room Number:** What is your room number? [Open-ended]
- **Admission Type:** What is your admission type? [MCQ: A. Elective B. Emergency C. Urgent]
- **Discharge Date:** What is your discharge date? [Open-ended]
- **Medication:** What is your medication? [MCQ: A. Aspirin B. Ibuprofen C. Lipitor D. Paracetamol E. Penicillin]
- **Test Results:** What is your test results? [MCQ: A. Abnormal B. Inconclusive C. Normal]

## Responses

### Respondent 45

- **Age:** 78
- **Gender:** a
- **Blood Type:** b
- **Medical Condition:** f
- **Date of Admission:** 2022-10-12
- **Doctor:** DOC_45
- **Hospital:** HOSP_45
- **Insurance Provider:** a
- **Billing Amount:** 28051
- **Room Number:** 208
- **Admission Type:** b
- **Discharge Date:** 2022-09-25
- **Medication:** a
- **Test Results:** c

### Respondent 121

- **Age:** 76
- **Gender:** a
- **Blood Type:** f
- **Medical Condition:** e
- **Date of Admission:** 2021-10-27
- **Doctor:** DOC_121
- **Hospital:** HOSP_121
- **Insurance Provider:** c
- **Billing Amount:** 50119
- **Room Number:** 465
- **Admission Type:** b
- **Discharge Date:** 2021-11-21
- **Medication:** c
- **Test Results:** c

### Respondent 133

- **Age:** 22
- **Gender:** b
- **Blood Type:** d
- **Medical Condition:** c
- **Date of Admission:** 2023-10-15
- **Doctor:** DOC_133
- **Hospital:** HOSP_133
- **Insurance Provider:** c
- **Billing Amount:** 10662
- **Room Number:** 413
- **Admission Type:** b
- **Discharge Date:** 2024-01-02
- **Medication:** d
- **Test Results:** a

### Respondent 114

- **Age:** 81
- **Gender:** a
- **Blood Type:** d
- **Medical Condition:** d
- **Date of Admission:** 2024-01-04
- **Doctor:** DOC_114
- **Hospital:** HOSP_114
- **Insurance Provider:** b
- **Billing Amount:** 20258
- **Room Number:** 250
- **Admission Type:** a
- **Discharge Date:** 2023-11-08
- **Medication:** e
- **Test Results:** a

### Respondent 72

- **Age:** 72
- **Gender:** a
- **Blood Type:** c
- **Medical Condition:** e
- **Date of Admission:** 2020-05-15
- **Doctor:** DOC_72
- **Hospital:** HOSP_72
- **Insurance Provider:** d
- **Billing Amount:** 30437
- **Room Number:** 115
- **Admission Type:** b
- **Discharge Date:** 2020-06-14
- **Medication:** d
- **Test Results:** b

","45, 121, 114, 72","<example>
List all respondents with doctor = 'DOC_107' and hospital = 'HOSP_148'.

DATA:

# Survey Data

## Questions

- **Age:** What is your age? [Open-ended]
- **Gender:** What is your gender? [MCQ: A. Female B. Male]
- **Blood Type:** What is your blood type? [MCQ: A. A+ B. A- C. AB+ D. AB- E. B+ F. B- G. O+ H. O-]
- **Medical Condition:** What is your medical condition? [MCQ: A. Arthritis B. Asthma C. Cancer D. Diabetes E. Hypertension F. Obesity]
- **Date of Admission:** What is your date of admission? [Open-ended]
- **Doctor:** What is your doctor? [Open-ended]
- **Hospital:** What is your hospital? [Open-ended]
- **Insurance Provider:** What is your insurance provider? [MCQ: A. Aetna B. Blue Cross C. Cigna D. Medicare E. UnitedHealthcare]
- **Billing Amount:** What is your billing amount? [Open-ended]
- **Room Number:** What is your room number? [Open-ended]
- **Admission Type:** What is your admission type? [MCQ: A. Elective B. Emergency C. Urgent]
- **Discharge Date:** What is your discharge date? [Open-ended]
- **Medication:** What is your medication? [MCQ: A. Aspirin B. Ibuprofen C. Lipitor D. Paracetamol E. Penicillin]
- **Test Results:** What is your test results? [MCQ: A. Abnormal B. Inconclusive C. Normal]

## Responses

### Respondent 45

- **Age:** 78
- **Gender:** a
- **Blood Type:** b
- **Medical Condition:** f
- **Date of Admission:** 2022-10-12
- **Doctor:** DOC_45
- **Hospital:** HOSP_45
- **Insurance Provider:** a
- **Billing Amount:** 28051
- **Room Number:** 208
- **Admission Type:** b
- **Discharge Date:** 2022-09-25
- **Medication:** a
- **Test Results:** c

### Respondent 121

- **Age:** 76
- **Gender:** a
- **Blood Type:** f
- **Medical Condition:** e
- **Date of Admission:** 2021-10-27
- **Doctor:** DOC_121
- **Hospital:** HOSP_121
- **Insurance Provider:** c
- **Billing Amount:** 50119
- **Room Number:** 465
- **Admission Type:** b
- **Discharge Date:** 2021-11-21
- **Medication:** c
- **Test Results:** c

### Respondent 133

- **Age:** 22
- **Gender:** b
- **Blood Type:** d
- **Medical Condition:** c
- **Date of Admission:** 2023-10-15
- **Doctor:** DOC_133
- **Hospital:** HOSP_133
- **Insurance Provider:** c
- **Billing Amount:** 10662
- **Room Number:** 413
- **Admission Type:** b
- **Discharge Date:** 2024-01-02
- **Medication:** d
- **Test Results:** a

### Respondent 114

- **Age:** 81
- **Gender:** a
- **Blood Type:** d
- **Medical Condition:** d
- **Date of Admission:** 2024-01-04
- **Doctor:** DOC_114
- **Hospital:** HOSP_114
- **Insurance Provider:** b
- **Billing Amount:** 20258
- **Room Number:** 250
- **Admission Type:** a
- **Discharge Date:** 2023-11-08
- **Medication:** e
- **Test Results:** a

### Respondent 72

- **Age:** 72
- **Gender:** a
- **Blood Type:** c
- **Medical Condition:** e
- **Date of Admission:** 2020-05-15
- **Doctor:** DOC_72
- **Hospital:** HOSP_72
- **Insurance Provider:** d
- **Billing Amount:** 30437
- **Room Number:** 115
- **Admission Type:** b
- **Discharge Date:** 2020-06-14
- **Medication:** d
- **Test Results:** b



Answer: None
</example>

<questionnaire>
# Survey Data

## Questions

- **Age:** What is your age? [Open-ended]
- **Gender:** What is your gender? [MCQ: A. Female B. Male]
- **Blood Type:** What is your blood type? [MCQ: A. A+ B. A- C. AB+ D. AB- E. B+ F. B- G. O+ H. O-]
- **Medical Condition:** What is your medical condition? [MCQ: A. Arthritis B. Asthma C. Cancer D. Diabetes E. Hypertension F. Obesity]
- **Date of Admission:** What is your date of admission? [Open-ended]
- **Doctor:** What is your doctor? [Open-ended]
- **Hospital:** What is your hospital? [Open-ended]
- **Insurance Provider:** What is your insurance provider? [MCQ: A. Aetna B. Blue Cross C. Cigna D. Medicare E. UnitedHealthcare]
- **Billing Amount:** What is your billing amount? [Open-ended]
- **Room Number:** What is your room number? [Open-ended]
- **Admission Type:** What is your admission type? [MCQ: A. Elective B. Emergency C. Urgent]
- **Discharge Date:** What is your discharge date? [Open-ended]
- **Medication:** What is your medication? [MCQ: A. Aspirin B. Ibuprofen C. Lipitor D. Paracetamol E. Penicillin]
- **Test Results:** What is your test results? [MCQ: A. Abnormal B. Inconclusive C. Normal]

## Responses

### Respondent 45

- **Age:** 78
- **Gender:** a
- **Blood Type:** b
- **Medical Condition:** f
- **Date of Admission:** 2022-10-12
- **Doctor:** DOC_45
- **Hospital:** HOSP_45
- **Insurance Provider:** a
- **Billing Amount:** 28051
- **Room Number:** 208
- **Admission Type:** b
- **Discharge Date:** 2022-09-25
- **Medication:** a
- **Test Results:** c

### Respondent 121

- **Age:** 76
- **Gender:** a
- **Blood Type:** f
- **Medical Condition:** e
- **Date of Admission:** 2021-10-27
- **Doctor:** DOC_121
- **Hospital:** HOSP_121
- **Insurance Provider:** c
- **Billing Amount:** 50119
- **Room Number:** 465
- **Admission Type:** b
- **Discharge Date:** 2021-11-21
- **Medication:** c
- **Test Results:** c

### Respondent 133

- **Age:** 22
- **Gender:** b
- **Blood Type:** d
- **Medical Condition:** c
- **Date of Admission:** 2023-10-15
- **Doctor:** DOC_133
- **Hospital:** HOSP_133
- **Insurance Provider:** c
- **Billing Amount:** 10662
- **Room Number:** 413
- **Admission Type:** b
- **Discharge Date:** 2024-01-02
- **Medication:** d
- **Test Results:** a

### Respondent 114

- **Age:** 81
- **Gender:** a
- **Blood Type:** d
- **Medical Condition:** d
- **Date of Admission:** 2024-01-04
- **Doctor:** DOC_114
- **Hospital:** HOSP_114
- **Insurance Provider:** b
- **Billing Amount:** 20258
- **Room Number:** 250
- **Admission Type:** a
- **Discharge Date:** 2023-11-08
- **Medication:** e
- **Test Results:** a

### Respondent 72

- **Age:** 72
- **Gender:** a
- **Blood Type:** c
- **Medical Condition:** e
- **Date of Admission:** 2020-05-15
- **Doctor:** DOC_72
- **Hospital:** HOSP_72
- **Insurance Provider:** d
- **Billing Amount:** 30437
- **Room Number:** 115
- **Admission Type:** b
- **Discharge Date:** 2020-06-14
- **Medication:** d
- **Test Results:** b


</questionnaire>

<role>
You are a meticulous data analyst AI. Your primary function is to accurately analyze structured data and provide precise, verifiable answers.
</role>

<format>
You will be given a dataset with two key parts:

A 'questions' section: This is your data dictionary or schema. It is the single source of truth for understanding what each field and score means. Refer to it carefully.

A 'responses' section: This contains the raw data from each individual respondent.

To answer the question correctly, you must first use the 'questions' schema to fully understand the context and meaning of the data points within the 'responses'. Do not rely on any prior knowledge outside of this provided data. Base your entire analysis on the information given.
</format>

<output>
Provide your final answer directly and concisely. Output must be the human-readable value, not an option code.

Rules:
- For MCQ fields, map any letter codes in the Responses (case-insensitive) to the corresponding option text from the Questions schema, and output only that text. Do NOT include the letter or both.
  Example: If the schema is ""[MCQ: A. Abnormal B. Inconclusive C. Normal]"" and the response is ""a"", output ""Abnormal"".
- For open-ended fields, output the exact text value.
- If the question asks for a count, provide only the number (e.g., ""42"").
- If the question asks for a list of names or IDs, provide a simple comma-separated list (e.g., ""17, 21, 23"").
- Preserve capitalization exactly as in the schema (e.g., output ""Abnormal"", not ""abnormal"" or ""A"").
</output>

<task>
Which respondents have a calculated length of stay greater than 6 days and do not have a medical condition of 'Cancer'?
</task>","To calculate the length of stay, I will subtract the ""Date of Admission"" from the ""Discharge Date"" for each respondent and determine if it is greater than 6 days. I will also exclude respondents with a medical condition of ""Cancer"" (code ""c"").

### Respondent 45
- **Date of Admission:** 2022-10-12
- **Discharge Date:** 2022-09-25
- **Length of Stay:** -18 days (Invalid, discharge date is before admission date)
- **Medical Condition:** Obesity
- **Excluded:** Yes (Invalid stay)

### Respondent 121
- **Date of Admission:** 2021-10-27
- **Discharge Date:** 2021-11-21
- **Length of Stay:** 25 days
- **Medical Condition:** Hypertension
- **Included:** Yes

### Respondent 133
- **Date of Admission:** 2023-10-15
- **Discharge Date:** 2024-01-02
- **Length of Stay:** 79 days
- **Medical Condition:** Cancer
- **Excluded:** Yes (Medical condition is Cancer)

### Respondent 114
- **Date of Admission:** 2024-01-04
- **Discharge Date:** 2023-11-08
- **Length of Stay:** -58 days (Invalid, discharge date is before admission date)
- **Medical Condition:** Diabetes
- **Excluded:** Yes (Invalid stay)

### Respondent 72
- **Date of Admission:** 2020-05-15
- **Discharge Date:** 2020-06-14
- **Length of Stay:** 30 days
- **Medical Condition:** Hypertension
- **Included:** Yes

### Final Answer:
Respondent 121, Respondent 72",False
case_39,answer_reverse_lookup,"Find all respondents with admission type = 'Emergency', medical condition = 'Hypertension', and whose billing amount is greater than 25230.","# Survey Data

## Questions

- **Age:** What is your age? [Open-ended]
- **Gender:** What is your gender? [MCQ: A. Female B. Male]
- **Blood Type:** What is your blood type? [MCQ: A. A+ B. A- C. AB+ D. AB- E. B+ F. B- G. O+ H. O-]
- **Medical Condition:** What is your medical condition? [MCQ: A. Arthritis B. Asthma C. Cancer D. Diabetes E. Hypertension F. Obesity]
- **Date of Admission:** What is your date of admission? [Open-ended]
- **Doctor:** What is your doctor? [Open-ended]
- **Hospital:** What is your hospital? [Open-ended]
- **Insurance Provider:** What is your insurance provider? [MCQ: A. Aetna B. Blue Cross C. Cigna D. Medicare E. UnitedHealthcare]
- **Billing Amount:** What is your billing amount? [Open-ended]
- **Room Number:** What is your room number? [Open-ended]
- **Admission Type:** What is your admission type? [MCQ: A. Elective B. Emergency C. Urgent]
- **Discharge Date:** What is your discharge date? [Open-ended]
- **Medication:** What is your medication? [MCQ: A. Aspirin B. Ibuprofen C. Lipitor D. Paracetamol E. Penicillin]
- **Test Results:** What is your test results? [MCQ: A. Abnormal B. Inconclusive C. Normal]

## Responses

### Respondent 150

- **Age:** 70
- **Gender:** b
- **Blood Type:** g
- **Medical Condition:** b
- **Date of Admission:** 2020-03-04
- **Doctor:** DOC_150
- **Hospital:** HOSP_150
- **Insurance Provider:** d
- **Billing Amount:** 13356
- **Room Number:** 395
- **Admission Type:** a
- **Discharge Date:** 2020-04-22
- **Medication:** d
- **Test Results:** c

### Respondent 112

- **Age:** 67
- **Gender:** a
- **Blood Type:** g
- **Medical Condition:** c
- **Date of Admission:** 2022-09-22
- **Doctor:** DOC_112
- **Hospital:** HOSP_112
- **Insurance Provider:** a
- **Billing Amount:** 21880
- **Room Number:** 485
- **Admission Type:** c
- **Discharge Date:** 2023-01-11
- **Medication:** e
- **Test Results:** b

### Respondent 126

- **Age:** 20
- **Gender:** b
- **Blood Type:** g
- **Medical Condition:** a
- **Date of Admission:** 2021-01-03
- **Doctor:** DOC_126
- **Hospital:** HOSP_126
- **Insurance Provider:** b
- **Billing Amount:** 33682
- **Room Number:** 321
- **Admission Type:** b
- **Discharge Date:** 2020-12-08
- **Medication:** b
- **Test Results:** a

### Respondent 24

- **Age:** 31
- **Gender:** a
- **Blood Type:** c
- **Medical Condition:** d
- **Date of Admission:** 2020-01-21
- **Doctor:** DOC_24
- **Hospital:** HOSP_24
- **Insurance Provider:** b
- **Billing Amount:** 8521
- **Room Number:** 295
- **Admission Type:** b
- **Discharge Date:** 2020-02-10
- **Medication:** c
- **Test Results:** c

### Respondent 121

- **Age:** 76
- **Gender:** a
- **Blood Type:** f
- **Medical Condition:** e
- **Date of Admission:** 2021-10-27
- **Doctor:** DOC_121
- **Hospital:** HOSP_121
- **Insurance Provider:** c
- **Billing Amount:** 50119
- **Room Number:** 465
- **Admission Type:** b
- **Discharge Date:** 2021-11-21
- **Medication:** c
- **Test Results:** c

### Respondent 90

- **Age:** 58
- **Gender:** a
- **Blood Type:** a
- **Medical Condition:** b
- **Date of Admission:** 2021-09-15
- **Doctor:** DOC_90
- **Hospital:** HOSP_90
- **Insurance Provider:** a
- **Billing Amount:** 25230
- **Room Number:** 120
- **Admission Type:** c
- **Discharge Date:** 2021-05-29
- **Medication:** c
- **Test Results:** b

### Respondent 105

- **Age:** 54
- **Gender:** b
- **Blood Type:** e
- **Medical Condition:** c
- **Date of Admission:** 2023-05-18
- **Doctor:** DOC_105
- **Hospital:** HOSP_105
- **Insurance Provider:** e
- **Billing Amount:** 29504
- **Room Number:** 233
- **Admission Type:** a
- **Discharge Date:** 2023-06-03
- **Medication:** b
- **Test Results:** a

",121,"<example>
List all respondents with doctor = 'DOC_107' and hospital = 'HOSP_148'.

DATA:

# Survey Data

## Questions

- **Age:** What is your age? [Open-ended]
- **Gender:** What is your gender? [MCQ: A. Female B. Male]
- **Blood Type:** What is your blood type? [MCQ: A. A+ B. A- C. AB+ D. AB- E. B+ F. B- G. O+ H. O-]
- **Medical Condition:** What is your medical condition? [MCQ: A. Arthritis B. Asthma C. Cancer D. Diabetes E. Hypertension F. Obesity]
- **Date of Admission:** What is your date of admission? [Open-ended]
- **Doctor:** What is your doctor? [Open-ended]
- **Hospital:** What is your hospital? [Open-ended]
- **Insurance Provider:** What is your insurance provider? [MCQ: A. Aetna B. Blue Cross C. Cigna D. Medicare E. UnitedHealthcare]
- **Billing Amount:** What is your billing amount? [Open-ended]
- **Room Number:** What is your room number? [Open-ended]
- **Admission Type:** What is your admission type? [MCQ: A. Elective B. Emergency C. Urgent]
- **Discharge Date:** What is your discharge date? [Open-ended]
- **Medication:** What is your medication? [MCQ: A. Aspirin B. Ibuprofen C. Lipitor D. Paracetamol E. Penicillin]
- **Test Results:** What is your test results? [MCQ: A. Abnormal B. Inconclusive C. Normal]

## Responses

### Respondent 150

- **Age:** 70
- **Gender:** b
- **Blood Type:** g
- **Medical Condition:** b
- **Date of Admission:** 2020-03-04
- **Doctor:** DOC_150
- **Hospital:** HOSP_150
- **Insurance Provider:** d
- **Billing Amount:** 13356
- **Room Number:** 395
- **Admission Type:** a
- **Discharge Date:** 2020-04-22
- **Medication:** d
- **Test Results:** c

### Respondent 112

- **Age:** 67
- **Gender:** a
- **Blood Type:** g
- **Medical Condition:** c
- **Date of Admission:** 2022-09-22
- **Doctor:** DOC_112
- **Hospital:** HOSP_112
- **Insurance Provider:** a
- **Billing Amount:** 21880
- **Room Number:** 485
- **Admission Type:** c
- **Discharge Date:** 2023-01-11
- **Medication:** e
- **Test Results:** b

### Respondent 126

- **Age:** 20
- **Gender:** b
- **Blood Type:** g
- **Medical Condition:** a
- **Date of Admission:** 2021-01-03
- **Doctor:** DOC_126
- **Hospital:** HOSP_126
- **Insurance Provider:** b
- **Billing Amount:** 33682
- **Room Number:** 321
- **Admission Type:** b
- **Discharge Date:** 2020-12-08
- **Medication:** b
- **Test Results:** a

### Respondent 24

- **Age:** 31
- **Gender:** a
- **Blood Type:** c
- **Medical Condition:** d
- **Date of Admission:** 2020-01-21
- **Doctor:** DOC_24
- **Hospital:** HOSP_24
- **Insurance Provider:** b
- **Billing Amount:** 8521
- **Room Number:** 295
- **Admission Type:** b
- **Discharge Date:** 2020-02-10
- **Medication:** c
- **Test Results:** c

### Respondent 121

- **Age:** 76
- **Gender:** a
- **Blood Type:** f
- **Medical Condition:** e
- **Date of Admission:** 2021-10-27
- **Doctor:** DOC_121
- **Hospital:** HOSP_121
- **Insurance Provider:** c
- **Billing Amount:** 50119
- **Room Number:** 465
- **Admission Type:** b
- **Discharge Date:** 2021-11-21
- **Medication:** c
- **Test Results:** c

### Respondent 90

- **Age:** 58
- **Gender:** a
- **Blood Type:** a
- **Medical Condition:** b
- **Date of Admission:** 2021-09-15
- **Doctor:** DOC_90
- **Hospital:** HOSP_90
- **Insurance Provider:** a
- **Billing Amount:** 25230
- **Room Number:** 120
- **Admission Type:** c
- **Discharge Date:** 2021-05-29
- **Medication:** c
- **Test Results:** b

### Respondent 105

- **Age:** 54
- **Gender:** b
- **Blood Type:** e
- **Medical Condition:** c
- **Date of Admission:** 2023-05-18
- **Doctor:** DOC_105
- **Hospital:** HOSP_105
- **Insurance Provider:** e
- **Billing Amount:** 29504
- **Room Number:** 233
- **Admission Type:** a
- **Discharge Date:** 2023-06-03
- **Medication:** b
- **Test Results:** a



Answer: None
</example>

<questionnaire>
# Survey Data

## Questions

- **Age:** What is your age? [Open-ended]
- **Gender:** What is your gender? [MCQ: A. Female B. Male]
- **Blood Type:** What is your blood type? [MCQ: A. A+ B. A- C. AB+ D. AB- E. B+ F. B- G. O+ H. O-]
- **Medical Condition:** What is your medical condition? [MCQ: A. Arthritis B. Asthma C. Cancer D. Diabetes E. Hypertension F. Obesity]
- **Date of Admission:** What is your date of admission? [Open-ended]
- **Doctor:** What is your doctor? [Open-ended]
- **Hospital:** What is your hospital? [Open-ended]
- **Insurance Provider:** What is your insurance provider? [MCQ: A. Aetna B. Blue Cross C. Cigna D. Medicare E. UnitedHealthcare]
- **Billing Amount:** What is your billing amount? [Open-ended]
- **Room Number:** What is your room number? [Open-ended]
- **Admission Type:** What is your admission type? [MCQ: A. Elective B. Emergency C. Urgent]
- **Discharge Date:** What is your discharge date? [Open-ended]
- **Medication:** What is your medication? [MCQ: A. Aspirin B. Ibuprofen C. Lipitor D. Paracetamol E. Penicillin]
- **Test Results:** What is your test results? [MCQ: A. Abnormal B. Inconclusive C. Normal]

## Responses

### Respondent 150

- **Age:** 70
- **Gender:** b
- **Blood Type:** g
- **Medical Condition:** b
- **Date of Admission:** 2020-03-04
- **Doctor:** DOC_150
- **Hospital:** HOSP_150
- **Insurance Provider:** d
- **Billing Amount:** 13356
- **Room Number:** 395
- **Admission Type:** a
- **Discharge Date:** 2020-04-22
- **Medication:** d
- **Test Results:** c

### Respondent 112

- **Age:** 67
- **Gender:** a
- **Blood Type:** g
- **Medical Condition:** c
- **Date of Admission:** 2022-09-22
- **Doctor:** DOC_112
- **Hospital:** HOSP_112
- **Insurance Provider:** a
- **Billing Amount:** 21880
- **Room Number:** 485
- **Admission Type:** c
- **Discharge Date:** 2023-01-11
- **Medication:** e
- **Test Results:** b

### Respondent 126

- **Age:** 20
- **Gender:** b
- **Blood Type:** g
- **Medical Condition:** a
- **Date of Admission:** 2021-01-03
- **Doctor:** DOC_126
- **Hospital:** HOSP_126
- **Insurance Provider:** b
- **Billing Amount:** 33682
- **Room Number:** 321
- **Admission Type:** b
- **Discharge Date:** 2020-12-08
- **Medication:** b
- **Test Results:** a

### Respondent 24

- **Age:** 31
- **Gender:** a
- **Blood Type:** c
- **Medical Condition:** d
- **Date of Admission:** 2020-01-21
- **Doctor:** DOC_24
- **Hospital:** HOSP_24
- **Insurance Provider:** b
- **Billing Amount:** 8521
- **Room Number:** 295
- **Admission Type:** b
- **Discharge Date:** 2020-02-10
- **Medication:** c
- **Test Results:** c

### Respondent 121

- **Age:** 76
- **Gender:** a
- **Blood Type:** f
- **Medical Condition:** e
- **Date of Admission:** 2021-10-27
- **Doctor:** DOC_121
- **Hospital:** HOSP_121
- **Insurance Provider:** c
- **Billing Amount:** 50119
- **Room Number:** 465
- **Admission Type:** b
- **Discharge Date:** 2021-11-21
- **Medication:** c
- **Test Results:** c

### Respondent 90

- **Age:** 58
- **Gender:** a
- **Blood Type:** a
- **Medical Condition:** b
- **Date of Admission:** 2021-09-15
- **Doctor:** DOC_90
- **Hospital:** HOSP_90
- **Insurance Provider:** a
- **Billing Amount:** 25230
- **Room Number:** 120
- **Admission Type:** c
- **Discharge Date:** 2021-05-29
- **Medication:** c
- **Test Results:** b

### Respondent 105

- **Age:** 54
- **Gender:** b
- **Blood Type:** e
- **Medical Condition:** c
- **Date of Admission:** 2023-05-18
- **Doctor:** DOC_105
- **Hospital:** HOSP_105
- **Insurance Provider:** e
- **Billing Amount:** 29504
- **Room Number:** 233
- **Admission Type:** a
- **Discharge Date:** 2023-06-03
- **Medication:** b
- **Test Results:** a


</questionnaire>

<role>
You are a meticulous data analyst AI. Your primary function is to accurately analyze structured data and provide precise, verifiable answers.
</role>

<format>
You will be given a dataset with two key parts:

A 'questions' section: This is your data dictionary or schema. It is the single source of truth for understanding what each field and score means. Refer to it carefully.

A 'responses' section: This contains the raw data from each individual respondent.

To answer the question correctly, you must first use the 'questions' schema to fully understand the context and meaning of the data points within the 'responses'. Do not rely on any prior knowledge outside of this provided data. Base your entire analysis on the information given.
</format>

<output>
Provide your final answer directly and concisely. Output must be the human-readable value, not an option code.

Rules:
- For MCQ fields, map any letter codes in the Responses (case-insensitive) to the corresponding option text from the Questions schema, and output only that text. Do NOT include the letter or both.
  Example: If the schema is ""[MCQ: A. Abnormal B. Inconclusive C. Normal]"" and the response is ""a"", output ""Abnormal"".
- For open-ended fields, output the exact text value.
- If the question asks for a count, provide only the number (e.g., ""42"").
- If the question asks for a list of names or IDs, provide a simple comma-separated list (e.g., ""17, 21, 23"").
- Preserve capitalization exactly as in the schema (e.g., output ""Abnormal"", not ""abnormal"" or ""A"").
</output>

<task>
Find all respondents with admission type = 'Emergency', medical condition = 'Hypertension', and whose billing amount is greater than 25230.
</task>",,False
case_40,answer_reverse_lookup,Which respondents have a calculated length of stay greater than 15 days and do not have a medical condition of 'Obesity'?,"# Survey Data

## Questions

- **Age:** What is your age? [Open-ended]
- **Gender:** What is your gender? [MCQ: A. Female B. Male]
- **Blood Type:** What is your blood type? [MCQ: A. A+ B. A- C. AB+ D. AB- E. B+ F. B- G. O+ H. O-]
- **Medical Condition:** What is your medical condition? [MCQ: A. Arthritis B. Asthma C. Cancer D. Diabetes E. Hypertension F. Obesity]
- **Date of Admission:** What is your date of admission? [Open-ended]
- **Doctor:** What is your doctor? [Open-ended]
- **Hospital:** What is your hospital? [Open-ended]
- **Insurance Provider:** What is your insurance provider? [MCQ: A. Aetna B. Blue Cross C. Cigna D. Medicare E. UnitedHealthcare]
- **Billing Amount:** What is your billing amount? [Open-ended]
- **Room Number:** What is your room number? [Open-ended]
- **Admission Type:** What is your admission type? [MCQ: A. Elective B. Emergency C. Urgent]
- **Discharge Date:** What is your discharge date? [Open-ended]
- **Medication:** What is your medication? [MCQ: A. Aspirin B. Ibuprofen C. Lipitor D. Paracetamol E. Penicillin]
- **Test Results:** What is your test results? [MCQ: A. Abnormal B. Inconclusive C. Normal]

## Responses

### Respondent 83

- **Age:** 24
- **Gender:** a
- **Blood Type:** a
- **Medical Condition:** a
- **Date of Admission:** 2019-06-15
- **Doctor:** DOC_83
- **Hospital:** HOSP_83
- **Insurance Provider:** e
- **Billing Amount:** 25966
- **Room Number:** 102
- **Admission Type:** c
- **Discharge Date:** 2019-11-29
- **Medication:** e
- **Test Results:** a

### Respondent 27

- **Age:** 74
- **Gender:** a
- **Blood Type:** b
- **Medical Condition:** a
- **Date of Admission:** 2021-11-21
- **Doctor:** DOC_27
- **Hospital:** HOSP_27
- **Insurance Provider:** e
- **Billing Amount:** 30591
- **Room Number:** 113
- **Admission Type:** b
- **Discharge Date:** 2021-11-22
- **Medication:** d
- **Test Results:** b

### Respondent 42

- **Age:** 76
- **Gender:** a
- **Blood Type:** g
- **Medical Condition:** c
- **Date of Admission:** 2019-08-16
- **Doctor:** DOC_42
- **Hospital:** HOSP_42
- **Insurance Provider:** c
- **Billing Amount:** 14362
- **Room Number:** 152
- **Admission Type:** c
- **Discharge Date:** 2019-08-05
- **Medication:** b
- **Test Results:** a

### Respondent 85

- **Age:** 67
- **Gender:** b
- **Blood Type:** g
- **Medical Condition:** c
- **Date of Admission:** 2022-10-29
- **Doctor:** DOC_85
- **Hospital:** HOSP_85
- **Insurance Provider:** d
- **Billing Amount:** 44940
- **Room Number:** 293
- **Admission Type:** b
- **Discharge Date:** 2022-11-20
- **Medication:** e
- **Test Results:** c

### Respondent 106

- **Age:** 19
- **Gender:** b
- **Blood Type:** e
- **Medical Condition:** c
- **Date of Admission:** 2020-11-18
- **Doctor:** DOC_106
- **Hospital:** HOSP_106
- **Insurance Provider:** e
- **Billing Amount:** 47909
- **Room Number:** 309
- **Admission Type:** a
- **Discharge Date:** 2021-01-16
- **Medication:** c
- **Test Results:** b

### Respondent 127

- **Age:** 63
- **Gender:** b
- **Blood Type:** f
- **Medical Condition:** b
- **Date of Admission:** 2020-08-21
- **Doctor:** DOC_127
- **Hospital:** HOSP_127
- **Insurance Provider:** a
- **Billing Amount:** 35634
- **Room Number:** 157
- **Admission Type:** b
- **Discharge Date:** 2020-10-08
- **Medication:** e
- **Test Results:** b

### Respondent 74

- **Age:** 83
- **Gender:** b
- **Blood Type:** b
- **Medical Condition:** a
- **Date of Admission:** 2021-02-07
- **Doctor:** DOC_74
- **Hospital:** HOSP_74
- **Insurance Provider:** e
- **Billing Amount:** 40783
- **Room Number:** 425
- **Admission Type:** b
- **Discharge Date:** 2021-06-03
- **Medication:** a
- **Test Results:** a

### Respondent 103

- **Age:** 81
- **Gender:** b
- **Blood Type:** c
- **Medical Condition:** f
- **Date of Admission:** 2023-10-11
- **Doctor:** DOC_103
- **Hospital:** HOSP_103
- **Insurance Provider:** d
- **Billing Amount:** 17840
- **Room Number:** 138
- **Admission Type:** b
- **Discharge Date:** 2024-01-19
- **Medication:** e
- **Test Results:** a

### Respondent 141

- **Age:** 26
- **Gender:** a
- **Blood Type:** c
- **Medical Condition:** b
- **Date of Admission:** 2020-10-26
- **Doctor:** DOC_141
- **Hospital:** HOSP_141
- **Insurance Provider:** d
- **Billing Amount:** 46378
- **Room Number:** 226
- **Admission Type:** a
- **Discharge Date:** 2021-02-04
- **Medication:** c
- **Test Results:** a

### Respondent 10

- **Age:** 84
- **Gender:** b
- **Blood Type:** a
- **Medical Condition:** b
- **Date of Admission:** 2022-08-22
- **Doctor:** DOC_10
- **Hospital:** HOSP_10
- **Insurance Provider:** c
- **Billing Amount:** 23762
- **Room Number:** 178
- **Admission Type:** c
- **Discharge Date:** 2022-11-02
- **Medication:** b
- **Test Results:** b

",10,"<example>
List all respondents with doctor = 'DOC_107' and hospital = 'HOSP_148'.

DATA:

# Survey Data

## Questions

- **Age:** What is your age? [Open-ended]
- **Gender:** What is your gender? [MCQ: A. Female B. Male]
- **Blood Type:** What is your blood type? [MCQ: A. A+ B. A- C. AB+ D. AB- E. B+ F. B- G. O+ H. O-]
- **Medical Condition:** What is your medical condition? [MCQ: A. Arthritis B. Asthma C. Cancer D. Diabetes E. Hypertension F. Obesity]
- **Date of Admission:** What is your date of admission? [Open-ended]
- **Doctor:** What is your doctor? [Open-ended]
- **Hospital:** What is your hospital? [Open-ended]
- **Insurance Provider:** What is your insurance provider? [MCQ: A. Aetna B. Blue Cross C. Cigna D. Medicare E. UnitedHealthcare]
- **Billing Amount:** What is your billing amount? [Open-ended]
- **Room Number:** What is your room number? [Open-ended]
- **Admission Type:** What is your admission type? [MCQ: A. Elective B. Emergency C. Urgent]
- **Discharge Date:** What is your discharge date? [Open-ended]
- **Medication:** What is your medication? [MCQ: A. Aspirin B. Ibuprofen C. Lipitor D. Paracetamol E. Penicillin]
- **Test Results:** What is your test results? [MCQ: A. Abnormal B. Inconclusive C. Normal]

## Responses

### Respondent 83

- **Age:** 24
- **Gender:** a
- **Blood Type:** a
- **Medical Condition:** a
- **Date of Admission:** 2019-06-15
- **Doctor:** DOC_83
- **Hospital:** HOSP_83
- **Insurance Provider:** e
- **Billing Amount:** 25966
- **Room Number:** 102
- **Admission Type:** c
- **Discharge Date:** 2019-11-29
- **Medication:** e
- **Test Results:** a

### Respondent 27

- **Age:** 74
- **Gender:** a
- **Blood Type:** b
- **Medical Condition:** a
- **Date of Admission:** 2021-11-21
- **Doctor:** DOC_27
- **Hospital:** HOSP_27
- **Insurance Provider:** e
- **Billing Amount:** 30591
- **Room Number:** 113
- **Admission Type:** b
- **Discharge Date:** 2021-11-22
- **Medication:** d
- **Test Results:** b

### Respondent 42

- **Age:** 76
- **Gender:** a
- **Blood Type:** g
- **Medical Condition:** c
- **Date of Admission:** 2019-08-16
- **Doctor:** DOC_42
- **Hospital:** HOSP_42
- **Insurance Provider:** c
- **Billing Amount:** 14362
- **Room Number:** 152
- **Admission Type:** c
- **Discharge Date:** 2019-08-05
- **Medication:** b
- **Test Results:** a

### Respondent 85

- **Age:** 67
- **Gender:** b
- **Blood Type:** g
- **Medical Condition:** c
- **Date of Admission:** 2022-10-29
- **Doctor:** DOC_85
- **Hospital:** HOSP_85
- **Insurance Provider:** d
- **Billing Amount:** 44940
- **Room Number:** 293
- **Admission Type:** b
- **Discharge Date:** 2022-11-20
- **Medication:** e
- **Test Results:** c

### Respondent 106

- **Age:** 19
- **Gender:** b
- **Blood Type:** e
- **Medical Condition:** c
- **Date of Admission:** 2020-11-18
- **Doctor:** DOC_106
- **Hospital:** HOSP_106
- **Insurance Provider:** e
- **Billing Amount:** 47909
- **Room Number:** 309
- **Admission Type:** a
- **Discharge Date:** 2021-01-16
- **Medication:** c
- **Test Results:** b

### Respondent 127

- **Age:** 63
- **Gender:** b
- **Blood Type:** f
- **Medical Condition:** b
- **Date of Admission:** 2020-08-21
- **Doctor:** DOC_127
- **Hospital:** HOSP_127
- **Insurance Provider:** a
- **Billing Amount:** 35634
- **Room Number:** 157
- **Admission Type:** b
- **Discharge Date:** 2020-10-08
- **Medication:** e
- **Test Results:** b

### Respondent 74

- **Age:** 83
- **Gender:** b
- **Blood Type:** b
- **Medical Condition:** a
- **Date of Admission:** 2021-02-07
- **Doctor:** DOC_74
- **Hospital:** HOSP_74
- **Insurance Provider:** e
- **Billing Amount:** 40783
- **Room Number:** 425
- **Admission Type:** b
- **Discharge Date:** 2021-06-03
- **Medication:** a
- **Test Results:** a

### Respondent 103

- **Age:** 81
- **Gender:** b
- **Blood Type:** c
- **Medical Condition:** f
- **Date of Admission:** 2023-10-11
- **Doctor:** DOC_103
- **Hospital:** HOSP_103
- **Insurance Provider:** d
- **Billing Amount:** 17840
- **Room Number:** 138
- **Admission Type:** b
- **Discharge Date:** 2024-01-19
- **Medication:** e
- **Test Results:** a

### Respondent 141

- **Age:** 26
- **Gender:** a
- **Blood Type:** c
- **Medical Condition:** b
- **Date of Admission:** 2020-10-26
- **Doctor:** DOC_141
- **Hospital:** HOSP_141
- **Insurance Provider:** d
- **Billing Amount:** 46378
- **Room Number:** 226
- **Admission Type:** a
- **Discharge Date:** 2021-02-04
- **Medication:** c
- **Test Results:** a

### Respondent 10

- **Age:** 84
- **Gender:** b
- **Blood Type:** a
- **Medical Condition:** b
- **Date of Admission:** 2022-08-22
- **Doctor:** DOC_10
- **Hospital:** HOSP_10
- **Insurance Provider:** c
- **Billing Amount:** 23762
- **Room Number:** 178
- **Admission Type:** c
- **Discharge Date:** 2022-11-02
- **Medication:** b
- **Test Results:** b



Answer: None
</example>

<questionnaire>
# Survey Data

## Questions

- **Age:** What is your age? [Open-ended]
- **Gender:** What is your gender? [MCQ: A. Female B. Male]
- **Blood Type:** What is your blood type? [MCQ: A. A+ B. A- C. AB+ D. AB- E. B+ F. B- G. O+ H. O-]
- **Medical Condition:** What is your medical condition? [MCQ: A. Arthritis B. Asthma C. Cancer D. Diabetes E. Hypertension F. Obesity]
- **Date of Admission:** What is your date of admission? [Open-ended]
- **Doctor:** What is your doctor? [Open-ended]
- **Hospital:** What is your hospital? [Open-ended]
- **Insurance Provider:** What is your insurance provider? [MCQ: A. Aetna B. Blue Cross C. Cigna D. Medicare E. UnitedHealthcare]
- **Billing Amount:** What is your billing amount? [Open-ended]
- **Room Number:** What is your room number? [Open-ended]
- **Admission Type:** What is your admission type? [MCQ: A. Elective B. Emergency C. Urgent]
- **Discharge Date:** What is your discharge date? [Open-ended]
- **Medication:** What is your medication? [MCQ: A. Aspirin B. Ibuprofen C. Lipitor D. Paracetamol E. Penicillin]
- **Test Results:** What is your test results? [MCQ: A. Abnormal B. Inconclusive C. Normal]

## Responses

### Respondent 83

- **Age:** 24
- **Gender:** a
- **Blood Type:** a
- **Medical Condition:** a
- **Date of Admission:** 2019-06-15
- **Doctor:** DOC_83
- **Hospital:** HOSP_83
- **Insurance Provider:** e
- **Billing Amount:** 25966
- **Room Number:** 102
- **Admission Type:** c
- **Discharge Date:** 2019-11-29
- **Medication:** e
- **Test Results:** a

### Respondent 27

- **Age:** 74
- **Gender:** a
- **Blood Type:** b
- **Medical Condition:** a
- **Date of Admission:** 2021-11-21
- **Doctor:** DOC_27
- **Hospital:** HOSP_27
- **Insurance Provider:** e
- **Billing Amount:** 30591
- **Room Number:** 113
- **Admission Type:** b
- **Discharge Date:** 2021-11-22
- **Medication:** d
- **Test Results:** b

### Respondent 42

- **Age:** 76
- **Gender:** a
- **Blood Type:** g
- **Medical Condition:** c
- **Date of Admission:** 2019-08-16
- **Doctor:** DOC_42
- **Hospital:** HOSP_42
- **Insurance Provider:** c
- **Billing Amount:** 14362
- **Room Number:** 152
- **Admission Type:** c
- **Discharge Date:** 2019-08-05
- **Medication:** b
- **Test Results:** a

### Respondent 85

- **Age:** 67
- **Gender:** b
- **Blood Type:** g
- **Medical Condition:** c
- **Date of Admission:** 2022-10-29
- **Doctor:** DOC_85
- **Hospital:** HOSP_85
- **Insurance Provider:** d
- **Billing Amount:** 44940
- **Room Number:** 293
- **Admission Type:** b
- **Discharge Date:** 2022-11-20
- **Medication:** e
- **Test Results:** c

### Respondent 106

- **Age:** 19
- **Gender:** b
- **Blood Type:** e
- **Medical Condition:** c
- **Date of Admission:** 2020-11-18
- **Doctor:** DOC_106
- **Hospital:** HOSP_106
- **Insurance Provider:** e
- **Billing Amount:** 47909
- **Room Number:** 309
- **Admission Type:** a
- **Discharge Date:** 2021-01-16
- **Medication:** c
- **Test Results:** b

### Respondent 127

- **Age:** 63
- **Gender:** b
- **Blood Type:** f
- **Medical Condition:** b
- **Date of Admission:** 2020-08-21
- **Doctor:** DOC_127
- **Hospital:** HOSP_127
- **Insurance Provider:** a
- **Billing Amount:** 35634
- **Room Number:** 157
- **Admission Type:** b
- **Discharge Date:** 2020-10-08
- **Medication:** e
- **Test Results:** b

### Respondent 74

- **Age:** 83
- **Gender:** b
- **Blood Type:** b
- **Medical Condition:** a
- **Date of Admission:** 2021-02-07
- **Doctor:** DOC_74
- **Hospital:** HOSP_74
- **Insurance Provider:** e
- **Billing Amount:** 40783
- **Room Number:** 425
- **Admission Type:** b
- **Discharge Date:** 2021-06-03
- **Medication:** a
- **Test Results:** a

### Respondent 103

- **Age:** 81
- **Gender:** b
- **Blood Type:** c
- **Medical Condition:** f
- **Date of Admission:** 2023-10-11
- **Doctor:** DOC_103
- **Hospital:** HOSP_103
- **Insurance Provider:** d
- **Billing Amount:** 17840
- **Room Number:** 138
- **Admission Type:** b
- **Discharge Date:** 2024-01-19
- **Medication:** e
- **Test Results:** a

### Respondent 141

- **Age:** 26
- **Gender:** a
- **Blood Type:** c
- **Medical Condition:** b
- **Date of Admission:** 2020-10-26
- **Doctor:** DOC_141
- **Hospital:** HOSP_141
- **Insurance Provider:** d
- **Billing Amount:** 46378
- **Room Number:** 226
- **Admission Type:** a
- **Discharge Date:** 2021-02-04
- **Medication:** c
- **Test Results:** a

### Respondent 10

- **Age:** 84
- **Gender:** b
- **Blood Type:** a
- **Medical Condition:** b
- **Date of Admission:** 2022-08-22
- **Doctor:** DOC_10
- **Hospital:** HOSP_10
- **Insurance Provider:** c
- **Billing Amount:** 23762
- **Room Number:** 178
- **Admission Type:** c
- **Discharge Date:** 2022-11-02
- **Medication:** b
- **Test Results:** b


</questionnaire>

<role>
You are a meticulous data analyst AI. Your primary function is to accurately analyze structured data and provide precise, verifiable answers.
</role>

<format>
You will be given a dataset with two key parts:

A 'questions' section: This is your data dictionary or schema. It is the single source of truth for understanding what each field and score means. Refer to it carefully.

A 'responses' section: This contains the raw data from each individual respondent.

To answer the question correctly, you must first use the 'questions' schema to fully understand the context and meaning of the data points within the 'responses'. Do not rely on any prior knowledge outside of this provided data. Base your entire analysis on the information given.
</format>

<output>
Provide your final answer directly and concisely. Output must be the human-readable value, not an option code.

Rules:
- For MCQ fields, map any letter codes in the Responses (case-insensitive) to the corresponding option text from the Questions schema, and output only that text. Do NOT include the letter or both.
  Example: If the schema is ""[MCQ: A. Abnormal B. Inconclusive C. Normal]"" and the response is ""a"", output ""Abnormal"".
- For open-ended fields, output the exact text value.
- If the question asks for a count, provide only the number (e.g., ""42"").
- If the question asks for a list of names or IDs, provide a simple comma-separated list (e.g., ""17, 21, 23"").
- Preserve capitalization exactly as in the schema (e.g., output ""Abnormal"", not ""abnormal"" or ""A"").
</output>

<task>
Which respondents have a calculated length of stay greater than 15 days and do not have a medical condition of 'Obesity'?
</task>",,False
case_41,answer_reverse_lookup,Find all respondents whose billing amount is higher than the average billing amount for all patients with the same insurance provider.,"# Survey Data

## Questions

- **Age:** What is your age? [Open-ended]
- **Gender:** What is your gender? [MCQ: A. Female B. Male]
- **Blood Type:** What is your blood type? [MCQ: A. A+ B. A- C. AB+ D. AB- E. B+ F. B- G. O+ H. O-]
- **Medical Condition:** What is your medical condition? [MCQ: A. Arthritis B. Asthma C. Cancer D. Diabetes E. Hypertension F. Obesity]
- **Date of Admission:** What is your date of admission? [Open-ended]
- **Doctor:** What is your doctor? [Open-ended]
- **Hospital:** What is your hospital? [Open-ended]
- **Insurance Provider:** What is your insurance provider? [MCQ: A. Aetna B. Blue Cross C. Cigna D. Medicare E. UnitedHealthcare]
- **Billing Amount:** What is your billing amount? [Open-ended]
- **Room Number:** What is your room number? [Open-ended]
- **Admission Type:** What is your admission type? [MCQ: A. Elective B. Emergency C. Urgent]
- **Discharge Date:** What is your discharge date? [Open-ended]
- **Medication:** What is your medication? [MCQ: A. Aspirin B. Ibuprofen C. Lipitor D. Paracetamol E. Penicillin]
- **Test Results:** What is your test results? [MCQ: A. Abnormal B. Inconclusive C. Normal]

## Responses

### Respondent 23

- **Age:** 68
- **Gender:** a
- **Blood Type:** c
- **Medical Condition:** b
- **Date of Admission:** 2020-06-03
- **Doctor:** DOC_23
- **Hospital:** HOSP_23
- **Insurance Provider:** e
- **Billing Amount:** 33643
- **Room Number:** 290
- **Admission Type:** c
- **Discharge Date:** 2020-05-20
- **Medication:** c
- **Test Results:** c

### Respondent 81

- **Age:** 42
- **Gender:** a
- **Blood Type:** h
- **Medical Condition:** c
- **Date of Admission:** 2019-06-02
- **Doctor:** DOC_81
- **Hospital:** HOSP_81
- **Insurance Provider:** a
- **Billing Amount:** 14681
- **Room Number:** 234
- **Admission Type:** b
- **Discharge Date:** 2019-07-29
- **Medication:** b
- **Test Results:** a

### Respondent 65

- **Age:** 33
- **Gender:** a
- **Blood Type:** g
- **Medical Condition:** e
- **Date of Admission:** 2021-12-28
- **Doctor:** DOC_65
- **Hospital:** HOSP_65
- **Insurance Provider:** c
- **Billing Amount:** 29851
- **Room Number:** 211
- **Admission Type:** a
- **Discharge Date:** 2021-12-09
- **Medication:** d
- **Test Results:** c

### Respondent 83

- **Age:** 24
- **Gender:** a
- **Blood Type:** a
- **Medical Condition:** a
- **Date of Admission:** 2019-06-15
- **Doctor:** DOC_83
- **Hospital:** HOSP_83
- **Insurance Provider:** e
- **Billing Amount:** 25966
- **Room Number:** 102
- **Admission Type:** c
- **Discharge Date:** 2019-11-29
- **Medication:** e
- **Test Results:** a

### Respondent 30

- **Age:** 25
- **Gender:** a
- **Blood Type:** f
- **Medical Condition:** b
- **Date of Admission:** 2023-05-24
- **Doctor:** DOC_30
- **Hospital:** HOSP_30
- **Insurance Provider:** d
- **Billing Amount:** 10301
- **Room Number:** 272
- **Admission Type:** b
- **Discharge Date:** 2023-06-15
- **Medication:** b
- **Test Results:** a

### Respondent 104

- **Age:** 60
- **Gender:** b
- **Blood Type:** b
- **Medical Condition:** f
- **Date of Admission:** 2019-11-03
- **Doctor:** DOC_104
- **Hospital:** HOSP_104
- **Insurance Provider:** c
- **Billing Amount:** 4532
- **Room Number:** 300
- **Admission Type:** a
- **Discharge Date:** 2019-11-23
- **Medication:** e
- **Test Results:** b

### Respondent 132

- **Age:** 27
- **Gender:** a
- **Blood Type:** c
- **Medical Condition:** f
- **Date of Admission:** 2021-08-02
- **Doctor:** DOC_132
- **Hospital:** HOSP_132
- **Insurance Provider:** e
- **Billing Amount:** 22356
- **Room Number:** 402
- **Admission Type:** c
- **Discharge Date:** 2021-08-13
- **Medication:** d
- **Test Results:** c

### Respondent 1

- **Age:** 53
- **Gender:** b
- **Blood Type:** d
- **Medical Condition:** e
- **Date of Admission:** 2023-08-25
- **Doctor:** DOC_01
- **Hospital:** HOSP_01
- **Insurance Provider:** d
- **Billing Amount:** 24870
- **Room Number:** 418
- **Admission Type:** c
- **Discharge Date:** 2023-09-23
- **Medication:** c
- **Test Results:** a

### Respondent 139

- **Age:** 33
- **Gender:** 
- **Blood Type:** f
- **Medical Condition:** b
- **Date of Admission:** 2024-02-06
- **Doctor:** DOC_139
- **Hospital:** HOSP_139
- **Insurance Provider:** b
- **Billing Amount:** 18843
- **Room Number:** 330
- **Admission Type:** c
- **Discharge Date:** 2024-02-03
- **Medication:** a
- **Test Results:** c

### Respondent 119

- **Age:** 23
- **Gender:** a
- **Blood Type:** b
- **Medical Condition:** f
- **Date of Admission:** 2022-04-08
- **Doctor:** DOC_119
- **Hospital:** HOSP_119
- **Insurance Provider:** e
- **Billing Amount:** 6768
- **Room Number:** 157
- **Admission Type:** a
- **Discharge Date:** 2022-04-09
- **Medication:** c
- **Test Results:** a

### Respondent 106

- **Age:** 19
- **Gender:** b
- **Blood Type:** e
- **Medical Condition:** c
- **Date of Admission:** 2020-11-18
- **Doctor:** DOC_106
- **Hospital:** HOSP_106
- **Insurance Provider:** e
- **Billing Amount:** 47909
- **Room Number:** 309
- **Admission Type:** a
- **Discharge Date:** 2021-01-16
- **Medication:** c
- **Test Results:** b

### Respondent 14

- **Age:** 85
- **Gender:** a
- **Blood Type:** e
- **Medical Condition:** b
- **Date of Admission:** 2023-10-03
- **Doctor:** DOC_14
- **Hospital:** HOSP_14
- **Insurance Provider:** c
- **Billing Amount:** 21186
- **Room Number:** 255
- **Admission Type:** a
- **Discharge Date:** 2023-09-11
- **Medication:** b
- **Test Results:** b

","23, 65, 1, 106, 14","<example>
List all respondents with doctor = 'DOC_107' and hospital = 'HOSP_148'.

DATA:

# Survey Data

## Questions

- **Age:** What is your age? [Open-ended]
- **Gender:** What is your gender? [MCQ: A. Female B. Male]
- **Blood Type:** What is your blood type? [MCQ: A. A+ B. A- C. AB+ D. AB- E. B+ F. B- G. O+ H. O-]
- **Medical Condition:** What is your medical condition? [MCQ: A. Arthritis B. Asthma C. Cancer D. Diabetes E. Hypertension F. Obesity]
- **Date of Admission:** What is your date of admission? [Open-ended]
- **Doctor:** What is your doctor? [Open-ended]
- **Hospital:** What is your hospital? [Open-ended]
- **Insurance Provider:** What is your insurance provider? [MCQ: A. Aetna B. Blue Cross C. Cigna D. Medicare E. UnitedHealthcare]
- **Billing Amount:** What is your billing amount? [Open-ended]
- **Room Number:** What is your room number? [Open-ended]
- **Admission Type:** What is your admission type? [MCQ: A. Elective B. Emergency C. Urgent]
- **Discharge Date:** What is your discharge date? [Open-ended]
- **Medication:** What is your medication? [MCQ: A. Aspirin B. Ibuprofen C. Lipitor D. Paracetamol E. Penicillin]
- **Test Results:** What is your test results? [MCQ: A. Abnormal B. Inconclusive C. Normal]

## Responses

### Respondent 23

- **Age:** 68
- **Gender:** a
- **Blood Type:** c
- **Medical Condition:** b
- **Date of Admission:** 2020-06-03
- **Doctor:** DOC_23
- **Hospital:** HOSP_23
- **Insurance Provider:** e
- **Billing Amount:** 33643
- **Room Number:** 290
- **Admission Type:** c
- **Discharge Date:** 2020-05-20
- **Medication:** c
- **Test Results:** c

### Respondent 81

- **Age:** 42
- **Gender:** a
- **Blood Type:** h
- **Medical Condition:** c
- **Date of Admission:** 2019-06-02
- **Doctor:** DOC_81
- **Hospital:** HOSP_81
- **Insurance Provider:** a
- **Billing Amount:** 14681
- **Room Number:** 234
- **Admission Type:** b
- **Discharge Date:** 2019-07-29
- **Medication:** b
- **Test Results:** a

### Respondent 65

- **Age:** 33
- **Gender:** a
- **Blood Type:** g
- **Medical Condition:** e
- **Date of Admission:** 2021-12-28
- **Doctor:** DOC_65
- **Hospital:** HOSP_65
- **Insurance Provider:** c
- **Billing Amount:** 29851
- **Room Number:** 211
- **Admission Type:** a
- **Discharge Date:** 2021-12-09
- **Medication:** d
- **Test Results:** c

### Respondent 83

- **Age:** 24
- **Gender:** a
- **Blood Type:** a
- **Medical Condition:** a
- **Date of Admission:** 2019-06-15
- **Doctor:** DOC_83
- **Hospital:** HOSP_83
- **Insurance Provider:** e
- **Billing Amount:** 25966
- **Room Number:** 102
- **Admission Type:** c
- **Discharge Date:** 2019-11-29
- **Medication:** e
- **Test Results:** a

### Respondent 30

- **Age:** 25
- **Gender:** a
- **Blood Type:** f
- **Medical Condition:** b
- **Date of Admission:** 2023-05-24
- **Doctor:** DOC_30
- **Hospital:** HOSP_30
- **Insurance Provider:** d
- **Billing Amount:** 10301
- **Room Number:** 272
- **Admission Type:** b
- **Discharge Date:** 2023-06-15
- **Medication:** b
- **Test Results:** a

### Respondent 104

- **Age:** 60
- **Gender:** b
- **Blood Type:** b
- **Medical Condition:** f
- **Date of Admission:** 2019-11-03
- **Doctor:** DOC_104
- **Hospital:** HOSP_104
- **Insurance Provider:** c
- **Billing Amount:** 4532
- **Room Number:** 300
- **Admission Type:** a
- **Discharge Date:** 2019-11-23
- **Medication:** e
- **Test Results:** b

### Respondent 132

- **Age:** 27
- **Gender:** a
- **Blood Type:** c
- **Medical Condition:** f
- **Date of Admission:** 2021-08-02
- **Doctor:** DOC_132
- **Hospital:** HOSP_132
- **Insurance Provider:** e
- **Billing Amount:** 22356
- **Room Number:** 402
- **Admission Type:** c
- **Discharge Date:** 2021-08-13
- **Medication:** d
- **Test Results:** c

### Respondent 1

- **Age:** 53
- **Gender:** b
- **Blood Type:** d
- **Medical Condition:** e
- **Date of Admission:** 2023-08-25
- **Doctor:** DOC_01
- **Hospital:** HOSP_01
- **Insurance Provider:** d
- **Billing Amount:** 24870
- **Room Number:** 418
- **Admission Type:** c
- **Discharge Date:** 2023-09-23
- **Medication:** c
- **Test Results:** a

### Respondent 139

- **Age:** 33
- **Gender:** 
- **Blood Type:** f
- **Medical Condition:** b
- **Date of Admission:** 2024-02-06
- **Doctor:** DOC_139
- **Hospital:** HOSP_139
- **Insurance Provider:** b
- **Billing Amount:** 18843
- **Room Number:** 330
- **Admission Type:** c
- **Discharge Date:** 2024-02-03
- **Medication:** a
- **Test Results:** c

### Respondent 119

- **Age:** 23
- **Gender:** a
- **Blood Type:** b
- **Medical Condition:** f
- **Date of Admission:** 2022-04-08
- **Doctor:** DOC_119
- **Hospital:** HOSP_119
- **Insurance Provider:** e
- **Billing Amount:** 6768
- **Room Number:** 157
- **Admission Type:** a
- **Discharge Date:** 2022-04-09
- **Medication:** c
- **Test Results:** a

### Respondent 106

- **Age:** 19
- **Gender:** b
- **Blood Type:** e
- **Medical Condition:** c
- **Date of Admission:** 2020-11-18
- **Doctor:** DOC_106
- **Hospital:** HOSP_106
- **Insurance Provider:** e
- **Billing Amount:** 47909
- **Room Number:** 309
- **Admission Type:** a
- **Discharge Date:** 2021-01-16
- **Medication:** c
- **Test Results:** b

### Respondent 14

- **Age:** 85
- **Gender:** a
- **Blood Type:** e
- **Medical Condition:** b
- **Date of Admission:** 2023-10-03
- **Doctor:** DOC_14
- **Hospital:** HOSP_14
- **Insurance Provider:** c
- **Billing Amount:** 21186
- **Room Number:** 255
- **Admission Type:** a
- **Discharge Date:** 2023-09-11
- **Medication:** b
- **Test Results:** b



Answer: None
</example>

<questionnaire>
# Survey Data

## Questions

- **Age:** What is your age? [Open-ended]
- **Gender:** What is your gender? [MCQ: A. Female B. Male]
- **Blood Type:** What is your blood type? [MCQ: A. A+ B. A- C. AB+ D. AB- E. B+ F. B- G. O+ H. O-]
- **Medical Condition:** What is your medical condition? [MCQ: A. Arthritis B. Asthma C. Cancer D. Diabetes E. Hypertension F. Obesity]
- **Date of Admission:** What is your date of admission? [Open-ended]
- **Doctor:** What is your doctor? [Open-ended]
- **Hospital:** What is your hospital? [Open-ended]
- **Insurance Provider:** What is your insurance provider? [MCQ: A. Aetna B. Blue Cross C. Cigna D. Medicare E. UnitedHealthcare]
- **Billing Amount:** What is your billing amount? [Open-ended]
- **Room Number:** What is your room number? [Open-ended]
- **Admission Type:** What is your admission type? [MCQ: A. Elective B. Emergency C. Urgent]
- **Discharge Date:** What is your discharge date? [Open-ended]
- **Medication:** What is your medication? [MCQ: A. Aspirin B. Ibuprofen C. Lipitor D. Paracetamol E. Penicillin]
- **Test Results:** What is your test results? [MCQ: A. Abnormal B. Inconclusive C. Normal]

## Responses

### Respondent 23

- **Age:** 68
- **Gender:** a
- **Blood Type:** c
- **Medical Condition:** b
- **Date of Admission:** 2020-06-03
- **Doctor:** DOC_23
- **Hospital:** HOSP_23
- **Insurance Provider:** e
- **Billing Amount:** 33643
- **Room Number:** 290
- **Admission Type:** c
- **Discharge Date:** 2020-05-20
- **Medication:** c
- **Test Results:** c

### Respondent 81

- **Age:** 42
- **Gender:** a
- **Blood Type:** h
- **Medical Condition:** c
- **Date of Admission:** 2019-06-02
- **Doctor:** DOC_81
- **Hospital:** HOSP_81
- **Insurance Provider:** a
- **Billing Amount:** 14681
- **Room Number:** 234
- **Admission Type:** b
- **Discharge Date:** 2019-07-29
- **Medication:** b
- **Test Results:** a

### Respondent 65

- **Age:** 33
- **Gender:** a
- **Blood Type:** g
- **Medical Condition:** e
- **Date of Admission:** 2021-12-28
- **Doctor:** DOC_65
- **Hospital:** HOSP_65
- **Insurance Provider:** c
- **Billing Amount:** 29851
- **Room Number:** 211
- **Admission Type:** a
- **Discharge Date:** 2021-12-09
- **Medication:** d
- **Test Results:** c

### Respondent 83

- **Age:** 24
- **Gender:** a
- **Blood Type:** a
- **Medical Condition:** a
- **Date of Admission:** 2019-06-15
- **Doctor:** DOC_83
- **Hospital:** HOSP_83
- **Insurance Provider:** e
- **Billing Amount:** 25966
- **Room Number:** 102
- **Admission Type:** c
- **Discharge Date:** 2019-11-29
- **Medication:** e
- **Test Results:** a

### Respondent 30

- **Age:** 25
- **Gender:** a
- **Blood Type:** f
- **Medical Condition:** b
- **Date of Admission:** 2023-05-24
- **Doctor:** DOC_30
- **Hospital:** HOSP_30
- **Insurance Provider:** d
- **Billing Amount:** 10301
- **Room Number:** 272
- **Admission Type:** b
- **Discharge Date:** 2023-06-15
- **Medication:** b
- **Test Results:** a

### Respondent 104

- **Age:** 60
- **Gender:** b
- **Blood Type:** b
- **Medical Condition:** f
- **Date of Admission:** 2019-11-03
- **Doctor:** DOC_104
- **Hospital:** HOSP_104
- **Insurance Provider:** c
- **Billing Amount:** 4532
- **Room Number:** 300
- **Admission Type:** a
- **Discharge Date:** 2019-11-23
- **Medication:** e
- **Test Results:** b

### Respondent 132

- **Age:** 27
- **Gender:** a
- **Blood Type:** c
- **Medical Condition:** f
- **Date of Admission:** 2021-08-02
- **Doctor:** DOC_132
- **Hospital:** HOSP_132
- **Insurance Provider:** e
- **Billing Amount:** 22356
- **Room Number:** 402
- **Admission Type:** c
- **Discharge Date:** 2021-08-13
- **Medication:** d
- **Test Results:** c

### Respondent 1

- **Age:** 53
- **Gender:** b
- **Blood Type:** d
- **Medical Condition:** e
- **Date of Admission:** 2023-08-25
- **Doctor:** DOC_01
- **Hospital:** HOSP_01
- **Insurance Provider:** d
- **Billing Amount:** 24870
- **Room Number:** 418
- **Admission Type:** c
- **Discharge Date:** 2023-09-23
- **Medication:** c
- **Test Results:** a

### Respondent 139

- **Age:** 33
- **Gender:** 
- **Blood Type:** f
- **Medical Condition:** b
- **Date of Admission:** 2024-02-06
- **Doctor:** DOC_139
- **Hospital:** HOSP_139
- **Insurance Provider:** b
- **Billing Amount:** 18843
- **Room Number:** 330
- **Admission Type:** c
- **Discharge Date:** 2024-02-03
- **Medication:** a
- **Test Results:** c

### Respondent 119

- **Age:** 23
- **Gender:** a
- **Blood Type:** b
- **Medical Condition:** f
- **Date of Admission:** 2022-04-08
- **Doctor:** DOC_119
- **Hospital:** HOSP_119
- **Insurance Provider:** e
- **Billing Amount:** 6768
- **Room Number:** 157
- **Admission Type:** a
- **Discharge Date:** 2022-04-09
- **Medication:** c
- **Test Results:** a

### Respondent 106

- **Age:** 19
- **Gender:** b
- **Blood Type:** e
- **Medical Condition:** c
- **Date of Admission:** 2020-11-18
- **Doctor:** DOC_106
- **Hospital:** HOSP_106
- **Insurance Provider:** e
- **Billing Amount:** 47909
- **Room Number:** 309
- **Admission Type:** a
- **Discharge Date:** 2021-01-16
- **Medication:** c
- **Test Results:** b

### Respondent 14

- **Age:** 85
- **Gender:** a
- **Blood Type:** e
- **Medical Condition:** b
- **Date of Admission:** 2023-10-03
- **Doctor:** DOC_14
- **Hospital:** HOSP_14
- **Insurance Provider:** c
- **Billing Amount:** 21186
- **Room Number:** 255
- **Admission Type:** a
- **Discharge Date:** 2023-09-11
- **Medication:** b
- **Test Results:** b


</questionnaire>

<role>
You are a meticulous data analyst AI. Your primary function is to accurately analyze structured data and provide precise, verifiable answers.
</role>

<format>
You will be given a dataset with two key parts:

A 'questions' section: This is your data dictionary or schema. It is the single source of truth for understanding what each field and score means. Refer to it carefully.

A 'responses' section: This contains the raw data from each individual respondent.

To answer the question correctly, you must first use the 'questions' schema to fully understand the context and meaning of the data points within the 'responses'. Do not rely on any prior knowledge outside of this provided data. Base your entire analysis on the information given.
</format>

<output>
Provide your final answer directly and concisely. Output must be the human-readable value, not an option code.

Rules:
- For MCQ fields, map any letter codes in the Responses (case-insensitive) to the corresponding option text from the Questions schema, and output only that text. Do NOT include the letter or both.
  Example: If the schema is ""[MCQ: A. Abnormal B. Inconclusive C. Normal]"" and the response is ""a"", output ""Abnormal"".
- For open-ended fields, output the exact text value.
- If the question asks for a count, provide only the number (e.g., ""42"").
- If the question asks for a list of names or IDs, provide a simple comma-separated list (e.g., ""17, 21, 23"").
- Preserve capitalization exactly as in the schema (e.g., output ""Abnormal"", not ""abnormal"" or ""A"").
</output>

<task>
Find all respondents whose billing amount is higher than the average billing amount for all patients with the same insurance provider.
</task>",,False
case_42,answer_reverse_lookup,List all respondents whose age is longer than the average for their admission type and are over the age of 57.,"# Survey Data

## Questions

- **Age:** What is your age? [Open-ended]
- **Gender:** What is your gender? [MCQ: A. Female B. Male]
- **Blood Type:** What is your blood type? [MCQ: A. A+ B. A- C. AB+ D. AB- E. B+ F. B- G. O+ H. O-]
- **Medical Condition:** What is your medical condition? [MCQ: A. Arthritis B. Asthma C. Cancer D. Diabetes E. Hypertension F. Obesity]
- **Date of Admission:** What is your date of admission? [Open-ended]
- **Doctor:** What is your doctor? [Open-ended]
- **Hospital:** What is your hospital? [Open-ended]
- **Insurance Provider:** What is your insurance provider? [MCQ: A. Aetna B. Blue Cross C. Cigna D. Medicare E. UnitedHealthcare]
- **Billing Amount:** What is your billing amount? [Open-ended]
- **Room Number:** What is your room number? [Open-ended]
- **Admission Type:** What is your admission type? [MCQ: A. Elective B. Emergency C. Urgent]
- **Discharge Date:** What is your discharge date? [Open-ended]
- **Medication:** What is your medication? [MCQ: A. Aspirin B. Ibuprofen C. Lipitor D. Paracetamol E. Penicillin]
- **Test Results:** What is your test results? [MCQ: A. Abnormal B. Inconclusive C. Normal]

## Responses

### Respondent 133

- **Age:** 22
- **Gender:** b
- **Blood Type:** d
- **Medical Condition:** c
- **Date of Admission:** 2023-10-15
- **Doctor:** DOC_133
- **Hospital:** HOSP_133
- **Insurance Provider:** c
- **Billing Amount:** 10662
- **Room Number:** 413
- **Admission Type:** b
- **Discharge Date:** 2024-01-02
- **Medication:** d
- **Test Results:** a

### Respondent 93

- **Age:** 58
- **Gender:** a
- **Blood Type:** g
- **Medical Condition:** a
- **Date of Admission:** 2023-08-19
- **Doctor:** DOC_93
- **Hospital:** HOSP_93
- **Insurance Provider:** e
- **Billing Amount:** 22841
- **Room Number:** 326
- **Admission Type:** b
- **Discharge Date:** 2023-09-18
- **Medication:** b
- **Test Results:** b

### Respondent 128

- **Age:** 28
- **Gender:** a
- **Blood Type:** f
- **Medical Condition:** d
- **Date of Admission:** 2021-09-16
- **Doctor:** DOC_128
- **Hospital:** HOSP_128
- **Insurance Provider:** a
- **Billing Amount:** 29615
- **Room Number:** 459
- **Admission Type:** a
- **Discharge Date:** 2021-12-05
- **Medication:** b
- **Test Results:** b

### Respondent 114

- **Age:** 81
- **Gender:** a
- **Blood Type:** d
- **Medical Condition:** d
- **Date of Admission:** 2024-01-04
- **Doctor:** DOC_114
- **Hospital:** HOSP_114
- **Insurance Provider:** b
- **Billing Amount:** 20258
- **Room Number:** 250
- **Admission Type:** a
- **Discharge Date:** 2023-11-08
- **Medication:** e
- **Test Results:** a

### Respondent 14

- **Age:** 85
- **Gender:** a
- **Blood Type:** e
- **Medical Condition:** b
- **Date of Admission:** 2023-10-03
- **Doctor:** DOC_14
- **Hospital:** HOSP_14
- **Insurance Provider:** c
- **Billing Amount:** 21186
- **Room Number:** 255
- **Admission Type:** a
- **Discharge Date:** 2023-09-11
- **Medication:** b
- **Test Results:** b

### Respondent 53

- **Age:** 38
- **Gender:** b
- **Blood Type:** a
- **Medical Condition:** b
- **Date of Admission:** 2023-12-28
- **Doctor:** DOC_53
- **Hospital:** HOSP_53
- **Insurance Provider:** e
- **Billing Amount:** 48291
- **Room Number:** 389
- **Admission Type:** c
- **Discharge Date:** 2023-12-12
- **Medication:** b
- **Test Results:** c

### Respondent 69

- **Age:** 18
- **Gender:** b
- **Blood Type:** b
- **Medical Condition:** f
- **Date of Admission:** 2022-01-09
- **Doctor:** DOC_69
- **Hospital:** HOSP_69
- **Insurance Provider:** a
- **Billing Amount:** 46957
- **Room Number:** 331
- **Admission Type:** b
- **Discharge Date:** 2022-01-12
- **Medication:** a
- **Test Results:** b

### Respondent 141

- **Age:** 26
- **Gender:** a
- **Blood Type:** c
- **Medical Condition:** b
- **Date of Admission:** 2020-10-26
- **Doctor:** DOC_141
- **Hospital:** HOSP_141
- **Insurance Provider:** d
- **Billing Amount:** 46378
- **Room Number:** 226
- **Admission Type:** a
- **Discharge Date:** 2021-02-04
- **Medication:** c
- **Test Results:** a

","93, 114, 14","<example>
List all respondents with doctor = 'DOC_107' and hospital = 'HOSP_148'.

DATA:

# Survey Data

## Questions

- **Age:** What is your age? [Open-ended]
- **Gender:** What is your gender? [MCQ: A. Female B. Male]
- **Blood Type:** What is your blood type? [MCQ: A. A+ B. A- C. AB+ D. AB- E. B+ F. B- G. O+ H. O-]
- **Medical Condition:** What is your medical condition? [MCQ: A. Arthritis B. Asthma C. Cancer D. Diabetes E. Hypertension F. Obesity]
- **Date of Admission:** What is your date of admission? [Open-ended]
- **Doctor:** What is your doctor? [Open-ended]
- **Hospital:** What is your hospital? [Open-ended]
- **Insurance Provider:** What is your insurance provider? [MCQ: A. Aetna B. Blue Cross C. Cigna D. Medicare E. UnitedHealthcare]
- **Billing Amount:** What is your billing amount? [Open-ended]
- **Room Number:** What is your room number? [Open-ended]
- **Admission Type:** What is your admission type? [MCQ: A. Elective B. Emergency C. Urgent]
- **Discharge Date:** What is your discharge date? [Open-ended]
- **Medication:** What is your medication? [MCQ: A. Aspirin B. Ibuprofen C. Lipitor D. Paracetamol E. Penicillin]
- **Test Results:** What is your test results? [MCQ: A. Abnormal B. Inconclusive C. Normal]

## Responses

### Respondent 133

- **Age:** 22
- **Gender:** b
- **Blood Type:** d
- **Medical Condition:** c
- **Date of Admission:** 2023-10-15
- **Doctor:** DOC_133
- **Hospital:** HOSP_133
- **Insurance Provider:** c
- **Billing Amount:** 10662
- **Room Number:** 413
- **Admission Type:** b
- **Discharge Date:** 2024-01-02
- **Medication:** d
- **Test Results:** a

### Respondent 93

- **Age:** 58
- **Gender:** a
- **Blood Type:** g
- **Medical Condition:** a
- **Date of Admission:** 2023-08-19
- **Doctor:** DOC_93
- **Hospital:** HOSP_93
- **Insurance Provider:** e
- **Billing Amount:** 22841
- **Room Number:** 326
- **Admission Type:** b
- **Discharge Date:** 2023-09-18
- **Medication:** b
- **Test Results:** b

### Respondent 128

- **Age:** 28
- **Gender:** a
- **Blood Type:** f
- **Medical Condition:** d
- **Date of Admission:** 2021-09-16
- **Doctor:** DOC_128
- **Hospital:** HOSP_128
- **Insurance Provider:** a
- **Billing Amount:** 29615
- **Room Number:** 459
- **Admission Type:** a
- **Discharge Date:** 2021-12-05
- **Medication:** b
- **Test Results:** b

### Respondent 114

- **Age:** 81
- **Gender:** a
- **Blood Type:** d
- **Medical Condition:** d
- **Date of Admission:** 2024-01-04
- **Doctor:** DOC_114
- **Hospital:** HOSP_114
- **Insurance Provider:** b
- **Billing Amount:** 20258
- **Room Number:** 250
- **Admission Type:** a
- **Discharge Date:** 2023-11-08
- **Medication:** e
- **Test Results:** a

### Respondent 14

- **Age:** 85
- **Gender:** a
- **Blood Type:** e
- **Medical Condition:** b
- **Date of Admission:** 2023-10-03
- **Doctor:** DOC_14
- **Hospital:** HOSP_14
- **Insurance Provider:** c
- **Billing Amount:** 21186
- **Room Number:** 255
- **Admission Type:** a
- **Discharge Date:** 2023-09-11
- **Medication:** b
- **Test Results:** b

### Respondent 53

- **Age:** 38
- **Gender:** b
- **Blood Type:** a
- **Medical Condition:** b
- **Date of Admission:** 2023-12-28
- **Doctor:** DOC_53
- **Hospital:** HOSP_53
- **Insurance Provider:** e
- **Billing Amount:** 48291
- **Room Number:** 389
- **Admission Type:** c
- **Discharge Date:** 2023-12-12
- **Medication:** b
- **Test Results:** c

### Respondent 69

- **Age:** 18
- **Gender:** b
- **Blood Type:** b
- **Medical Condition:** f
- **Date of Admission:** 2022-01-09
- **Doctor:** DOC_69
- **Hospital:** HOSP_69
- **Insurance Provider:** a
- **Billing Amount:** 46957
- **Room Number:** 331
- **Admission Type:** b
- **Discharge Date:** 2022-01-12
- **Medication:** a
- **Test Results:** b

### Respondent 141

- **Age:** 26
- **Gender:** a
- **Blood Type:** c
- **Medical Condition:** b
- **Date of Admission:** 2020-10-26
- **Doctor:** DOC_141
- **Hospital:** HOSP_141
- **Insurance Provider:** d
- **Billing Amount:** 46378
- **Room Number:** 226
- **Admission Type:** a
- **Discharge Date:** 2021-02-04
- **Medication:** c
- **Test Results:** a



Answer: None
</example>

<questionnaire>
# Survey Data

## Questions

- **Age:** What is your age? [Open-ended]
- **Gender:** What is your gender? [MCQ: A. Female B. Male]
- **Blood Type:** What is your blood type? [MCQ: A. A+ B. A- C. AB+ D. AB- E. B+ F. B- G. O+ H. O-]
- **Medical Condition:** What is your medical condition? [MCQ: A. Arthritis B. Asthma C. Cancer D. Diabetes E. Hypertension F. Obesity]
- **Date of Admission:** What is your date of admission? [Open-ended]
- **Doctor:** What is your doctor? [Open-ended]
- **Hospital:** What is your hospital? [Open-ended]
- **Insurance Provider:** What is your insurance provider? [MCQ: A. Aetna B. Blue Cross C. Cigna D. Medicare E. UnitedHealthcare]
- **Billing Amount:** What is your billing amount? [Open-ended]
- **Room Number:** What is your room number? [Open-ended]
- **Admission Type:** What is your admission type? [MCQ: A. Elective B. Emergency C. Urgent]
- **Discharge Date:** What is your discharge date? [Open-ended]
- **Medication:** What is your medication? [MCQ: A. Aspirin B. Ibuprofen C. Lipitor D. Paracetamol E. Penicillin]
- **Test Results:** What is your test results? [MCQ: A. Abnormal B. Inconclusive C. Normal]

## Responses

### Respondent 133

- **Age:** 22
- **Gender:** b
- **Blood Type:** d
- **Medical Condition:** c
- **Date of Admission:** 2023-10-15
- **Doctor:** DOC_133
- **Hospital:** HOSP_133
- **Insurance Provider:** c
- **Billing Amount:** 10662
- **Room Number:** 413
- **Admission Type:** b
- **Discharge Date:** 2024-01-02
- **Medication:** d
- **Test Results:** a

### Respondent 93

- **Age:** 58
- **Gender:** a
- **Blood Type:** g
- **Medical Condition:** a
- **Date of Admission:** 2023-08-19
- **Doctor:** DOC_93
- **Hospital:** HOSP_93
- **Insurance Provider:** e
- **Billing Amount:** 22841
- **Room Number:** 326
- **Admission Type:** b
- **Discharge Date:** 2023-09-18
- **Medication:** b
- **Test Results:** b

### Respondent 128

- **Age:** 28
- **Gender:** a
- **Blood Type:** f
- **Medical Condition:** d
- **Date of Admission:** 2021-09-16
- **Doctor:** DOC_128
- **Hospital:** HOSP_128
- **Insurance Provider:** a
- **Billing Amount:** 29615
- **Room Number:** 459
- **Admission Type:** a
- **Discharge Date:** 2021-12-05
- **Medication:** b
- **Test Results:** b

### Respondent 114

- **Age:** 81
- **Gender:** a
- **Blood Type:** d
- **Medical Condition:** d
- **Date of Admission:** 2024-01-04
- **Doctor:** DOC_114
- **Hospital:** HOSP_114
- **Insurance Provider:** b
- **Billing Amount:** 20258
- **Room Number:** 250
- **Admission Type:** a
- **Discharge Date:** 2023-11-08
- **Medication:** e
- **Test Results:** a

### Respondent 14

- **Age:** 85
- **Gender:** a
- **Blood Type:** e
- **Medical Condition:** b
- **Date of Admission:** 2023-10-03
- **Doctor:** DOC_14
- **Hospital:** HOSP_14
- **Insurance Provider:** c
- **Billing Amount:** 21186
- **Room Number:** 255
- **Admission Type:** a
- **Discharge Date:** 2023-09-11
- **Medication:** b
- **Test Results:** b

### Respondent 53

- **Age:** 38
- **Gender:** b
- **Blood Type:** a
- **Medical Condition:** b
- **Date of Admission:** 2023-12-28
- **Doctor:** DOC_53
- **Hospital:** HOSP_53
- **Insurance Provider:** e
- **Billing Amount:** 48291
- **Room Number:** 389
- **Admission Type:** c
- **Discharge Date:** 2023-12-12
- **Medication:** b
- **Test Results:** c

### Respondent 69

- **Age:** 18
- **Gender:** b
- **Blood Type:** b
- **Medical Condition:** f
- **Date of Admission:** 2022-01-09
- **Doctor:** DOC_69
- **Hospital:** HOSP_69
- **Insurance Provider:** a
- **Billing Amount:** 46957
- **Room Number:** 331
- **Admission Type:** b
- **Discharge Date:** 2022-01-12
- **Medication:** a
- **Test Results:** b

### Respondent 141

- **Age:** 26
- **Gender:** a
- **Blood Type:** c
- **Medical Condition:** b
- **Date of Admission:** 2020-10-26
- **Doctor:** DOC_141
- **Hospital:** HOSP_141
- **Insurance Provider:** d
- **Billing Amount:** 46378
- **Room Number:** 226
- **Admission Type:** a
- **Discharge Date:** 2021-02-04
- **Medication:** c
- **Test Results:** a


</questionnaire>

<role>
You are a meticulous data analyst AI. Your primary function is to accurately analyze structured data and provide precise, verifiable answers.
</role>

<format>
You will be given a dataset with two key parts:

A 'questions' section: This is your data dictionary or schema. It is the single source of truth for understanding what each field and score means. Refer to it carefully.

A 'responses' section: This contains the raw data from each individual respondent.

To answer the question correctly, you must first use the 'questions' schema to fully understand the context and meaning of the data points within the 'responses'. Do not rely on any prior knowledge outside of this provided data. Base your entire analysis on the information given.
</format>

<output>
Provide your final answer directly and concisely. Output must be the human-readable value, not an option code.

Rules:
- For MCQ fields, map any letter codes in the Responses (case-insensitive) to the corresponding option text from the Questions schema, and output only that text. Do NOT include the letter or both.
  Example: If the schema is ""[MCQ: A. Abnormal B. Inconclusive C. Normal]"" and the response is ""a"", output ""Abnormal"".
- For open-ended fields, output the exact text value.
- If the question asks for a count, provide only the number (e.g., ""42"").
- If the question asks for a list of names or IDs, provide a simple comma-separated list (e.g., ""17, 21, 23"").
- Preserve capitalization exactly as in the schema (e.g., output ""Abnormal"", not ""abnormal"" or ""A"").
</output>

<task>
List all respondents whose age is longer than the average for their admission type and are over the age of 57.
</task>",,False
case_43,answer_reverse_lookup,Find all respondents from 'HOSP_113' whose billing amount is greater than the average billing amount for all patients at that same hospital.,"# Survey Data

## Questions

- **Age:** What is your age? [Open-ended]
- **Gender:** What is your gender? [MCQ: A. Female B. Male]
- **Blood Type:** What is your blood type? [MCQ: A. A+ B. A- C. AB+ D. AB- E. B+ F. B- G. O+ H. O-]
- **Medical Condition:** What is your medical condition? [MCQ: A. Arthritis B. Asthma C. Cancer D. Diabetes E. Hypertension F. Obesity]
- **Date of Admission:** What is your date of admission? [Open-ended]
- **Doctor:** What is your doctor? [Open-ended]
- **Hospital:** What is your hospital? [Open-ended]
- **Insurance Provider:** What is your insurance provider? [MCQ: A. Aetna B. Blue Cross C. Cigna D. Medicare E. UnitedHealthcare]
- **Billing Amount:** What is your billing amount? [Open-ended]
- **Room Number:** What is your room number? [Open-ended]
- **Admission Type:** What is your admission type? [MCQ: A. Elective B. Emergency C. Urgent]
- **Discharge Date:** What is your discharge date? [Open-ended]
- **Medication:** What is your medication? [MCQ: A. Aspirin B. Ibuprofen C. Lipitor D. Paracetamol E. Penicillin]
- **Test Results:** What is your test results? [MCQ: A. Abnormal B. Inconclusive C. Normal]

## Responses

### Respondent 74

- **Age:** 83
- **Gender:** b
- **Blood Type:** b
- **Medical Condition:** a
- **Date of Admission:** 2021-02-07
- **Doctor:** DOC_74
- **Hospital:** HOSP_74
- **Insurance Provider:** e
- **Billing Amount:** 40783
- **Room Number:** 425
- **Admission Type:** b
- **Discharge Date:** 2021-06-03
- **Medication:** a
- **Test Results:** a

### Respondent 113

- **Age:** 36
- **Gender:** b
- **Blood Type:** b
- **Medical Condition:** e
- **Date of Admission:** 2021-05-14
- **Doctor:** DOC_113
- **Hospital:** HOSP_113
- **Insurance Provider:** b
- **Billing Amount:** 19328
- **Room Number:** 268
- **Admission Type:** a
- **Discharge Date:** 2021-03-20
- **Medication:** a
- **Test Results:** a

### Respondent 125

- **Age:** 20
- **Gender:** a
- **Blood Type:** a
- **Medical Condition:** a
- **Date of Admission:** 2020-03-08
- **Doctor:** DOC_125
- **Hospital:** HOSP_125
- **Insurance Provider:** d
- **Billing Amount:** 21772
- **Room Number:** 244
- **Admission Type:** a
- **Discharge Date:** 2020-02-12
- **Medication:** e
- **Test Results:** c

### Respondent 32

- **Age:** 28
- **Gender:** b
- **Blood Type:** a
- **Medical Condition:** e
- **Date of Admission:** 2024-01-15
- **Doctor:** DOC_32
- **Hospital:** HOSP_32
- **Insurance Provider:** e
- **Billing Amount:** 39723
- **Room Number:** 500
- **Admission Type:** c
- **Discharge Date:** 2024-02-24
- **Medication:** c
- **Test Results:** b

### Respondent 8

- **Age:** 23
- **Gender:** b
- **Blood Type:** e
- **Medical Condition:** e
- **Date of Admission:** 2022-06-17
- **Doctor:** DOC_08
- **Hospital:** HOSP_08
- **Insurance Provider:** c
- **Billing Amount:** 3909
- **Room Number:** 113
- **Admission Type:** a
- **Discharge Date:** 2022-09-07
- **Medication:** b
- **Test Results:** b

### Respondent 62

- **Age:** 27
- **Gender:** b
- **Blood Type:** g
- **Medical Condition:** c
- **Date of Admission:** 2024-02-22
- **Doctor:** DOC_62
- **Hospital:** HOSP_62
- **Insurance Provider:** d
- **Billing Amount:** 44437
- **Room Number:** 376
- **Admission Type:** a
- **Discharge Date:** 2024-02-04
- **Medication:** b
- **Test Results:** a

### Respondent 41

- **Age:** 44
- **Gender:** b
- **Blood Type:** g
- **Medical Condition:** f
- **Date of Admission:** 2021-09-10
- **Doctor:** DOC_41
- **Hospital:** HOSP_41
- **Insurance Provider:** d
- **Billing Amount:** 32974
- **Room Number:** 389
- **Admission Type:** a
- **Discharge Date:** 2021-09-18
- **Medication:** d
- **Test Results:** a

",None,"<example>
List all respondents with doctor = 'DOC_107' and hospital = 'HOSP_148'.

DATA:

# Survey Data

## Questions

- **Age:** What is your age? [Open-ended]
- **Gender:** What is your gender? [MCQ: A. Female B. Male]
- **Blood Type:** What is your blood type? [MCQ: A. A+ B. A- C. AB+ D. AB- E. B+ F. B- G. O+ H. O-]
- **Medical Condition:** What is your medical condition? [MCQ: A. Arthritis B. Asthma C. Cancer D. Diabetes E. Hypertension F. Obesity]
- **Date of Admission:** What is your date of admission? [Open-ended]
- **Doctor:** What is your doctor? [Open-ended]
- **Hospital:** What is your hospital? [Open-ended]
- **Insurance Provider:** What is your insurance provider? [MCQ: A. Aetna B. Blue Cross C. Cigna D. Medicare E. UnitedHealthcare]
- **Billing Amount:** What is your billing amount? [Open-ended]
- **Room Number:** What is your room number? [Open-ended]
- **Admission Type:** What is your admission type? [MCQ: A. Elective B. Emergency C. Urgent]
- **Discharge Date:** What is your discharge date? [Open-ended]
- **Medication:** What is your medication? [MCQ: A. Aspirin B. Ibuprofen C. Lipitor D. Paracetamol E. Penicillin]
- **Test Results:** What is your test results? [MCQ: A. Abnormal B. Inconclusive C. Normal]

## Responses

### Respondent 74

- **Age:** 83
- **Gender:** b
- **Blood Type:** b
- **Medical Condition:** a
- **Date of Admission:** 2021-02-07
- **Doctor:** DOC_74
- **Hospital:** HOSP_74
- **Insurance Provider:** e
- **Billing Amount:** 40783
- **Room Number:** 425
- **Admission Type:** b
- **Discharge Date:** 2021-06-03
- **Medication:** a
- **Test Results:** a

### Respondent 113

- **Age:** 36
- **Gender:** b
- **Blood Type:** b
- **Medical Condition:** e
- **Date of Admission:** 2021-05-14
- **Doctor:** DOC_113
- **Hospital:** HOSP_113
- **Insurance Provider:** b
- **Billing Amount:** 19328
- **Room Number:** 268
- **Admission Type:** a
- **Discharge Date:** 2021-03-20
- **Medication:** a
- **Test Results:** a

### Respondent 125

- **Age:** 20
- **Gender:** a
- **Blood Type:** a
- **Medical Condition:** a
- **Date of Admission:** 2020-03-08
- **Doctor:** DOC_125
- **Hospital:** HOSP_125
- **Insurance Provider:** d
- **Billing Amount:** 21772
- **Room Number:** 244
- **Admission Type:** a
- **Discharge Date:** 2020-02-12
- **Medication:** e
- **Test Results:** c

### Respondent 32

- **Age:** 28
- **Gender:** b
- **Blood Type:** a
- **Medical Condition:** e
- **Date of Admission:** 2024-01-15
- **Doctor:** DOC_32
- **Hospital:** HOSP_32
- **Insurance Provider:** e
- **Billing Amount:** 39723
- **Room Number:** 500
- **Admission Type:** c
- **Discharge Date:** 2024-02-24
- **Medication:** c
- **Test Results:** b

### Respondent 8

- **Age:** 23
- **Gender:** b
- **Blood Type:** e
- **Medical Condition:** e
- **Date of Admission:** 2022-06-17
- **Doctor:** DOC_08
- **Hospital:** HOSP_08
- **Insurance Provider:** c
- **Billing Amount:** 3909
- **Room Number:** 113
- **Admission Type:** a
- **Discharge Date:** 2022-09-07
- **Medication:** b
- **Test Results:** b

### Respondent 62

- **Age:** 27
- **Gender:** b
- **Blood Type:** g
- **Medical Condition:** c
- **Date of Admission:** 2024-02-22
- **Doctor:** DOC_62
- **Hospital:** HOSP_62
- **Insurance Provider:** d
- **Billing Amount:** 44437
- **Room Number:** 376
- **Admission Type:** a
- **Discharge Date:** 2024-02-04
- **Medication:** b
- **Test Results:** a

### Respondent 41

- **Age:** 44
- **Gender:** b
- **Blood Type:** g
- **Medical Condition:** f
- **Date of Admission:** 2021-09-10
- **Doctor:** DOC_41
- **Hospital:** HOSP_41
- **Insurance Provider:** d
- **Billing Amount:** 32974
- **Room Number:** 389
- **Admission Type:** a
- **Discharge Date:** 2021-09-18
- **Medication:** d
- **Test Results:** a



Answer: None
</example>

<questionnaire>
# Survey Data

## Questions

- **Age:** What is your age? [Open-ended]
- **Gender:** What is your gender? [MCQ: A. Female B. Male]
- **Blood Type:** What is your blood type? [MCQ: A. A+ B. A- C. AB+ D. AB- E. B+ F. B- G. O+ H. O-]
- **Medical Condition:** What is your medical condition? [MCQ: A. Arthritis B. Asthma C. Cancer D. Diabetes E. Hypertension F. Obesity]
- **Date of Admission:** What is your date of admission? [Open-ended]
- **Doctor:** What is your doctor? [Open-ended]
- **Hospital:** What is your hospital? [Open-ended]
- **Insurance Provider:** What is your insurance provider? [MCQ: A. Aetna B. Blue Cross C. Cigna D. Medicare E. UnitedHealthcare]
- **Billing Amount:** What is your billing amount? [Open-ended]
- **Room Number:** What is your room number? [Open-ended]
- **Admission Type:** What is your admission type? [MCQ: A. Elective B. Emergency C. Urgent]
- **Discharge Date:** What is your discharge date? [Open-ended]
- **Medication:** What is your medication? [MCQ: A. Aspirin B. Ibuprofen C. Lipitor D. Paracetamol E. Penicillin]
- **Test Results:** What is your test results? [MCQ: A. Abnormal B. Inconclusive C. Normal]

## Responses

### Respondent 74

- **Age:** 83
- **Gender:** b
- **Blood Type:** b
- **Medical Condition:** a
- **Date of Admission:** 2021-02-07
- **Doctor:** DOC_74
- **Hospital:** HOSP_74
- **Insurance Provider:** e
- **Billing Amount:** 40783
- **Room Number:** 425
- **Admission Type:** b
- **Discharge Date:** 2021-06-03
- **Medication:** a
- **Test Results:** a

### Respondent 113

- **Age:** 36
- **Gender:** b
- **Blood Type:** b
- **Medical Condition:** e
- **Date of Admission:** 2021-05-14
- **Doctor:** DOC_113
- **Hospital:** HOSP_113
- **Insurance Provider:** b
- **Billing Amount:** 19328
- **Room Number:** 268
- **Admission Type:** a
- **Discharge Date:** 2021-03-20
- **Medication:** a
- **Test Results:** a

### Respondent 125

- **Age:** 20
- **Gender:** a
- **Blood Type:** a
- **Medical Condition:** a
- **Date of Admission:** 2020-03-08
- **Doctor:** DOC_125
- **Hospital:** HOSP_125
- **Insurance Provider:** d
- **Billing Amount:** 21772
- **Room Number:** 244
- **Admission Type:** a
- **Discharge Date:** 2020-02-12
- **Medication:** e
- **Test Results:** c

### Respondent 32

- **Age:** 28
- **Gender:** b
- **Blood Type:** a
- **Medical Condition:** e
- **Date of Admission:** 2024-01-15
- **Doctor:** DOC_32
- **Hospital:** HOSP_32
- **Insurance Provider:** e
- **Billing Amount:** 39723
- **Room Number:** 500
- **Admission Type:** c
- **Discharge Date:** 2024-02-24
- **Medication:** c
- **Test Results:** b

### Respondent 8

- **Age:** 23
- **Gender:** b
- **Blood Type:** e
- **Medical Condition:** e
- **Date of Admission:** 2022-06-17
- **Doctor:** DOC_08
- **Hospital:** HOSP_08
- **Insurance Provider:** c
- **Billing Amount:** 3909
- **Room Number:** 113
- **Admission Type:** a
- **Discharge Date:** 2022-09-07
- **Medication:** b
- **Test Results:** b

### Respondent 62

- **Age:** 27
- **Gender:** b
- **Blood Type:** g
- **Medical Condition:** c
- **Date of Admission:** 2024-02-22
- **Doctor:** DOC_62
- **Hospital:** HOSP_62
- **Insurance Provider:** d
- **Billing Amount:** 44437
- **Room Number:** 376
- **Admission Type:** a
- **Discharge Date:** 2024-02-04
- **Medication:** b
- **Test Results:** a

### Respondent 41

- **Age:** 44
- **Gender:** b
- **Blood Type:** g
- **Medical Condition:** f
- **Date of Admission:** 2021-09-10
- **Doctor:** DOC_41
- **Hospital:** HOSP_41
- **Insurance Provider:** d
- **Billing Amount:** 32974
- **Room Number:** 389
- **Admission Type:** a
- **Discharge Date:** 2021-09-18
- **Medication:** d
- **Test Results:** a


</questionnaire>

<role>
You are a meticulous data analyst AI. Your primary function is to accurately analyze structured data and provide precise, verifiable answers.
</role>

<format>
You will be given a dataset with two key parts:

A 'questions' section: This is your data dictionary or schema. It is the single source of truth for understanding what each field and score means. Refer to it carefully.

A 'responses' section: This contains the raw data from each individual respondent.

To answer the question correctly, you must first use the 'questions' schema to fully understand the context and meaning of the data points within the 'responses'. Do not rely on any prior knowledge outside of this provided data. Base your entire analysis on the information given.
</format>

<output>
Provide your final answer directly and concisely. Output must be the human-readable value, not an option code.

Rules:
- For MCQ fields, map any letter codes in the Responses (case-insensitive) to the corresponding option text from the Questions schema, and output only that text. Do NOT include the letter or both.
  Example: If the schema is ""[MCQ: A. Abnormal B. Inconclusive C. Normal]"" and the response is ""a"", output ""Abnormal"".
- For open-ended fields, output the exact text value.
- If the question asks for a count, provide only the number (e.g., ""42"").
- If the question asks for a list of names or IDs, provide a simple comma-separated list (e.g., ""17, 21, 23"").
- Preserve capitalization exactly as in the schema (e.g., output ""Abnormal"", not ""abnormal"" or ""A"").
</output>

<task>
Find all respondents from 'HOSP_113' whose billing amount is greater than the average billing amount for all patients at that same hospital.
</task>",,False
case_44,answer_reverse_lookup,Find all respondents whose billing amount is higher than the average billing amount for all patients with the same insurance provider.,"# Survey Data

## Questions

- **Age:** What is your age? [Open-ended]
- **Gender:** What is your gender? [MCQ: A. Female B. Male]
- **Blood Type:** What is your blood type? [MCQ: A. A+ B. A- C. AB+ D. AB- E. B+ F. B- G. O+ H. O-]
- **Medical Condition:** What is your medical condition? [MCQ: A. Arthritis B. Asthma C. Cancer D. Diabetes E. Hypertension F. Obesity]
- **Date of Admission:** What is your date of admission? [Open-ended]
- **Doctor:** What is your doctor? [Open-ended]
- **Hospital:** What is your hospital? [Open-ended]
- **Insurance Provider:** What is your insurance provider? [MCQ: A. Aetna B. Blue Cross C. Cigna D. Medicare E. UnitedHealthcare]
- **Billing Amount:** What is your billing amount? [Open-ended]
- **Room Number:** What is your room number? [Open-ended]
- **Admission Type:** What is your admission type? [MCQ: A. Elective B. Emergency C. Urgent]
- **Discharge Date:** What is your discharge date? [Open-ended]
- **Medication:** What is your medication? [MCQ: A. Aspirin B. Ibuprofen C. Lipitor D. Paracetamol E. Penicillin]
- **Test Results:** What is your test results? [MCQ: A. Abnormal B. Inconclusive C. Normal]

## Responses

### Respondent 142

- **Age:** 37
- **Gender:** a
- **Blood Type:** g
- **Medical Condition:** b
- **Date of Admission:** 2019-11-06
- **Doctor:** DOC_142
- **Hospital:** HOSP_142
- **Insurance Provider:** a
- **Billing Amount:** 9586
- **Room Number:** 482
- **Admission Type:** a
- **Discharge Date:** 2020-02-09
- **Medication:** e
- **Test Results:** a

### Respondent 4

- **Age:** 51
- **Gender:** b
- **Blood Type:** e
- **Medical Condition:** d
- **Date of Admission:** 2022-06-17
- **Doctor:** DOC_04
- **Hospital:** HOSP_04
- **Insurance Provider:** d
- **Billing Amount:** 37406
- **Room Number:** 131
- **Admission Type:** a
- **Discharge Date:** 2022-06-28
- **Medication:** d
- **Test Results:** c

### Respondent 105

- **Age:** 54
- **Gender:** b
- **Blood Type:** e
- **Medical Condition:** c
- **Date of Admission:** 2023-05-18
- **Doctor:** DOC_105
- **Hospital:** HOSP_105
- **Insurance Provider:** e
- **Billing Amount:** 29504
- **Room Number:** 233
- **Admission Type:** a
- **Discharge Date:** 2023-06-03
- **Medication:** b
- **Test Results:** a

### Respondent 24

- **Age:** 31
- **Gender:** a
- **Blood Type:** c
- **Medical Condition:** d
- **Date of Admission:** 2020-01-21
- **Doctor:** DOC_24
- **Hospital:** HOSP_24
- **Insurance Provider:** b
- **Billing Amount:** 8521
- **Room Number:** 295
- **Admission Type:** b
- **Discharge Date:** 2020-02-10
- **Medication:** c
- **Test Results:** c

### Respondent 58

- **Age:** 58
- **Gender:** b
- **Blood Type:** b
- **Medical Condition:** d
- **Date of Admission:** 2020-05-22
- **Doctor:** DOC_58
- **Hospital:** HOSP_58
- **Insurance Provider:** c
- **Billing Amount:** 37952
- **Room Number:** 414
- **Admission Type:** c
- **Discharge Date:** 2020-06-08
- **Medication:** a
- **Test Results:** c

### Respondent 30

- **Age:** 25
- **Gender:** a
- **Blood Type:** f
- **Medical Condition:** b
- **Date of Admission:** 2023-05-24
- **Doctor:** DOC_30
- **Hospital:** HOSP_30
- **Insurance Provider:** d
- **Billing Amount:** 10301
- **Room Number:** 272
- **Admission Type:** b
- **Discharge Date:** 2023-06-15
- **Medication:** b
- **Test Results:** a

### Respondent 119

- **Age:** 23
- **Gender:** a
- **Blood Type:** b
- **Medical Condition:** f
- **Date of Admission:** 2022-04-08
- **Doctor:** DOC_119
- **Hospital:** HOSP_119
- **Insurance Provider:** e
- **Billing Amount:** 6768
- **Room Number:** 157
- **Admission Type:** a
- **Discharge Date:** 2022-04-09
- **Medication:** c
- **Test Results:** a

### Respondent 31

- **Age:** 33
- **Gender:** b
- **Blood Type:** h
- **Medical Condition:** a
- **Date of Admission:** 2022-04-02
- **Doctor:** DOC_31
- **Hospital:** HOSP_31
- **Insurance Provider:** d
- **Billing Amount:** 6734
- **Room Number:** 134
- **Admission Type:** c
- **Discharge Date:** 2022-01-07
- **Medication:** a
- **Test Results:** a

### Respondent 40

- **Age:** 37
- **Gender:** a
- **Blood Type:** c
- **Medical Condition:** b
- **Date of Admission:** 2020-03-02
- **Doctor:** DOC_40
- **Hospital:** HOSP_40
- **Insurance Provider:** d
- **Billing Amount:** 17696
- **Room Number:** 380
- **Admission Type:** a
- **Discharge Date:** 2020-04-02
- **Medication:** b
- **Test Results:** a

","4, 105","<example>
List all respondents with doctor = 'DOC_107' and hospital = 'HOSP_148'.

DATA:

# Survey Data

## Questions

- **Age:** What is your age? [Open-ended]
- **Gender:** What is your gender? [MCQ: A. Female B. Male]
- **Blood Type:** What is your blood type? [MCQ: A. A+ B. A- C. AB+ D. AB- E. B+ F. B- G. O+ H. O-]
- **Medical Condition:** What is your medical condition? [MCQ: A. Arthritis B. Asthma C. Cancer D. Diabetes E. Hypertension F. Obesity]
- **Date of Admission:** What is your date of admission? [Open-ended]
- **Doctor:** What is your doctor? [Open-ended]
- **Hospital:** What is your hospital? [Open-ended]
- **Insurance Provider:** What is your insurance provider? [MCQ: A. Aetna B. Blue Cross C. Cigna D. Medicare E. UnitedHealthcare]
- **Billing Amount:** What is your billing amount? [Open-ended]
- **Room Number:** What is your room number? [Open-ended]
- **Admission Type:** What is your admission type? [MCQ: A. Elective B. Emergency C. Urgent]
- **Discharge Date:** What is your discharge date? [Open-ended]
- **Medication:** What is your medication? [MCQ: A. Aspirin B. Ibuprofen C. Lipitor D. Paracetamol E. Penicillin]
- **Test Results:** What is your test results? [MCQ: A. Abnormal B. Inconclusive C. Normal]

## Responses

### Respondent 142

- **Age:** 37
- **Gender:** a
- **Blood Type:** g
- **Medical Condition:** b
- **Date of Admission:** 2019-11-06
- **Doctor:** DOC_142
- **Hospital:** HOSP_142
- **Insurance Provider:** a
- **Billing Amount:** 9586
- **Room Number:** 482
- **Admission Type:** a
- **Discharge Date:** 2020-02-09
- **Medication:** e
- **Test Results:** a

### Respondent 4

- **Age:** 51
- **Gender:** b
- **Blood Type:** e
- **Medical Condition:** d
- **Date of Admission:** 2022-06-17
- **Doctor:** DOC_04
- **Hospital:** HOSP_04
- **Insurance Provider:** d
- **Billing Amount:** 37406
- **Room Number:** 131
- **Admission Type:** a
- **Discharge Date:** 2022-06-28
- **Medication:** d
- **Test Results:** c

### Respondent 105

- **Age:** 54
- **Gender:** b
- **Blood Type:** e
- **Medical Condition:** c
- **Date of Admission:** 2023-05-18
- **Doctor:** DOC_105
- **Hospital:** HOSP_105
- **Insurance Provider:** e
- **Billing Amount:** 29504
- **Room Number:** 233
- **Admission Type:** a
- **Discharge Date:** 2023-06-03
- **Medication:** b
- **Test Results:** a

### Respondent 24

- **Age:** 31
- **Gender:** a
- **Blood Type:** c
- **Medical Condition:** d
- **Date of Admission:** 2020-01-21
- **Doctor:** DOC_24
- **Hospital:** HOSP_24
- **Insurance Provider:** b
- **Billing Amount:** 8521
- **Room Number:** 295
- **Admission Type:** b
- **Discharge Date:** 2020-02-10
- **Medication:** c
- **Test Results:** c

### Respondent 58

- **Age:** 58
- **Gender:** b
- **Blood Type:** b
- **Medical Condition:** d
- **Date of Admission:** 2020-05-22
- **Doctor:** DOC_58
- **Hospital:** HOSP_58
- **Insurance Provider:** c
- **Billing Amount:** 37952
- **Room Number:** 414
- **Admission Type:** c
- **Discharge Date:** 2020-06-08
- **Medication:** a
- **Test Results:** c

### Respondent 30

- **Age:** 25
- **Gender:** a
- **Blood Type:** f
- **Medical Condition:** b
- **Date of Admission:** 2023-05-24
- **Doctor:** DOC_30
- **Hospital:** HOSP_30
- **Insurance Provider:** d
- **Billing Amount:** 10301
- **Room Number:** 272
- **Admission Type:** b
- **Discharge Date:** 2023-06-15
- **Medication:** b
- **Test Results:** a

### Respondent 119

- **Age:** 23
- **Gender:** a
- **Blood Type:** b
- **Medical Condition:** f
- **Date of Admission:** 2022-04-08
- **Doctor:** DOC_119
- **Hospital:** HOSP_119
- **Insurance Provider:** e
- **Billing Amount:** 6768
- **Room Number:** 157
- **Admission Type:** a
- **Discharge Date:** 2022-04-09
- **Medication:** c
- **Test Results:** a

### Respondent 31

- **Age:** 33
- **Gender:** b
- **Blood Type:** h
- **Medical Condition:** a
- **Date of Admission:** 2022-04-02
- **Doctor:** DOC_31
- **Hospital:** HOSP_31
- **Insurance Provider:** d
- **Billing Amount:** 6734
- **Room Number:** 134
- **Admission Type:** c
- **Discharge Date:** 2022-01-07
- **Medication:** a
- **Test Results:** a

### Respondent 40

- **Age:** 37
- **Gender:** a
- **Blood Type:** c
- **Medical Condition:** b
- **Date of Admission:** 2020-03-02
- **Doctor:** DOC_40
- **Hospital:** HOSP_40
- **Insurance Provider:** d
- **Billing Amount:** 17696
- **Room Number:** 380
- **Admission Type:** a
- **Discharge Date:** 2020-04-02
- **Medication:** b
- **Test Results:** a



Answer: None
</example>

<questionnaire>
# Survey Data

## Questions

- **Age:** What is your age? [Open-ended]
- **Gender:** What is your gender? [MCQ: A. Female B. Male]
- **Blood Type:** What is your blood type? [MCQ: A. A+ B. A- C. AB+ D. AB- E. B+ F. B- G. O+ H. O-]
- **Medical Condition:** What is your medical condition? [MCQ: A. Arthritis B. Asthma C. Cancer D. Diabetes E. Hypertension F. Obesity]
- **Date of Admission:** What is your date of admission? [Open-ended]
- **Doctor:** What is your doctor? [Open-ended]
- **Hospital:** What is your hospital? [Open-ended]
- **Insurance Provider:** What is your insurance provider? [MCQ: A. Aetna B. Blue Cross C. Cigna D. Medicare E. UnitedHealthcare]
- **Billing Amount:** What is your billing amount? [Open-ended]
- **Room Number:** What is your room number? [Open-ended]
- **Admission Type:** What is your admission type? [MCQ: A. Elective B. Emergency C. Urgent]
- **Discharge Date:** What is your discharge date? [Open-ended]
- **Medication:** What is your medication? [MCQ: A. Aspirin B. Ibuprofen C. Lipitor D. Paracetamol E. Penicillin]
- **Test Results:** What is your test results? [MCQ: A. Abnormal B. Inconclusive C. Normal]

## Responses

### Respondent 142

- **Age:** 37
- **Gender:** a
- **Blood Type:** g
- **Medical Condition:** b
- **Date of Admission:** 2019-11-06
- **Doctor:** DOC_142
- **Hospital:** HOSP_142
- **Insurance Provider:** a
- **Billing Amount:** 9586
- **Room Number:** 482
- **Admission Type:** a
- **Discharge Date:** 2020-02-09
- **Medication:** e
- **Test Results:** a

### Respondent 4

- **Age:** 51
- **Gender:** b
- **Blood Type:** e
- **Medical Condition:** d
- **Date of Admission:** 2022-06-17
- **Doctor:** DOC_04
- **Hospital:** HOSP_04
- **Insurance Provider:** d
- **Billing Amount:** 37406
- **Room Number:** 131
- **Admission Type:** a
- **Discharge Date:** 2022-06-28
- **Medication:** d
- **Test Results:** c

### Respondent 105

- **Age:** 54
- **Gender:** b
- **Blood Type:** e
- **Medical Condition:** c
- **Date of Admission:** 2023-05-18
- **Doctor:** DOC_105
- **Hospital:** HOSP_105
- **Insurance Provider:** e
- **Billing Amount:** 29504
- **Room Number:** 233
- **Admission Type:** a
- **Discharge Date:** 2023-06-03
- **Medication:** b
- **Test Results:** a

### Respondent 24

- **Age:** 31
- **Gender:** a
- **Blood Type:** c
- **Medical Condition:** d
- **Date of Admission:** 2020-01-21
- **Doctor:** DOC_24
- **Hospital:** HOSP_24
- **Insurance Provider:** b
- **Billing Amount:** 8521
- **Room Number:** 295
- **Admission Type:** b
- **Discharge Date:** 2020-02-10
- **Medication:** c
- **Test Results:** c

### Respondent 58

- **Age:** 58
- **Gender:** b
- **Blood Type:** b
- **Medical Condition:** d
- **Date of Admission:** 2020-05-22
- **Doctor:** DOC_58
- **Hospital:** HOSP_58
- **Insurance Provider:** c
- **Billing Amount:** 37952
- **Room Number:** 414
- **Admission Type:** c
- **Discharge Date:** 2020-06-08
- **Medication:** a
- **Test Results:** c

### Respondent 30

- **Age:** 25
- **Gender:** a
- **Blood Type:** f
- **Medical Condition:** b
- **Date of Admission:** 2023-05-24
- **Doctor:** DOC_30
- **Hospital:** HOSP_30
- **Insurance Provider:** d
- **Billing Amount:** 10301
- **Room Number:** 272
- **Admission Type:** b
- **Discharge Date:** 2023-06-15
- **Medication:** b
- **Test Results:** a

### Respondent 119

- **Age:** 23
- **Gender:** a
- **Blood Type:** b
- **Medical Condition:** f
- **Date of Admission:** 2022-04-08
- **Doctor:** DOC_119
- **Hospital:** HOSP_119
- **Insurance Provider:** e
- **Billing Amount:** 6768
- **Room Number:** 157
- **Admission Type:** a
- **Discharge Date:** 2022-04-09
- **Medication:** c
- **Test Results:** a

### Respondent 31

- **Age:** 33
- **Gender:** b
- **Blood Type:** h
- **Medical Condition:** a
- **Date of Admission:** 2022-04-02
- **Doctor:** DOC_31
- **Hospital:** HOSP_31
- **Insurance Provider:** d
- **Billing Amount:** 6734
- **Room Number:** 134
- **Admission Type:** c
- **Discharge Date:** 2022-01-07
- **Medication:** a
- **Test Results:** a

### Respondent 40

- **Age:** 37
- **Gender:** a
- **Blood Type:** c
- **Medical Condition:** b
- **Date of Admission:** 2020-03-02
- **Doctor:** DOC_40
- **Hospital:** HOSP_40
- **Insurance Provider:** d
- **Billing Amount:** 17696
- **Room Number:** 380
- **Admission Type:** a
- **Discharge Date:** 2020-04-02
- **Medication:** b
- **Test Results:** a


</questionnaire>

<role>
You are a meticulous data analyst AI. Your primary function is to accurately analyze structured data and provide precise, verifiable answers.
</role>

<format>
You will be given a dataset with two key parts:

A 'questions' section: This is your data dictionary or schema. It is the single source of truth for understanding what each field and score means. Refer to it carefully.

A 'responses' section: This contains the raw data from each individual respondent.

To answer the question correctly, you must first use the 'questions' schema to fully understand the context and meaning of the data points within the 'responses'. Do not rely on any prior knowledge outside of this provided data. Base your entire analysis on the information given.
</format>

<output>
Provide your final answer directly and concisely. Output must be the human-readable value, not an option code.

Rules:
- For MCQ fields, map any letter codes in the Responses (case-insensitive) to the corresponding option text from the Questions schema, and output only that text. Do NOT include the letter or both.
  Example: If the schema is ""[MCQ: A. Abnormal B. Inconclusive C. Normal]"" and the response is ""a"", output ""Abnormal"".
- For open-ended fields, output the exact text value.
- If the question asks for a count, provide only the number (e.g., ""42"").
- If the question asks for a list of names or IDs, provide a simple comma-separated list (e.g., ""17, 21, 23"").
- Preserve capitalization exactly as in the schema (e.g., output ""Abnormal"", not ""abnormal"" or ""A"").
</output>

<task>
Find all respondents whose billing amount is higher than the average billing amount for all patients with the same insurance provider.
</task>",,False
case_45,answer_reverse_lookup,Find all respondents whose billing amount is higher than the average billing amount for all patients with the same insurance provider.,"# Survey Data

## Questions

- **Age:** What is your age? [Open-ended]
- **Gender:** What is your gender? [MCQ: A. Female B. Male]
- **Blood Type:** What is your blood type? [MCQ: A. A+ B. A- C. AB+ D. AB- E. B+ F. B- G. O+ H. O-]
- **Medical Condition:** What is your medical condition? [MCQ: A. Arthritis B. Asthma C. Cancer D. Diabetes E. Hypertension F. Obesity]
- **Date of Admission:** What is your date of admission? [Open-ended]
- **Doctor:** What is your doctor? [Open-ended]
- **Hospital:** What is your hospital? [Open-ended]
- **Insurance Provider:** What is your insurance provider? [MCQ: A. Aetna B. Blue Cross C. Cigna D. Medicare E. UnitedHealthcare]
- **Billing Amount:** What is your billing amount? [Open-ended]
- **Room Number:** What is your room number? [Open-ended]
- **Admission Type:** What is your admission type? [MCQ: A. Elective B. Emergency C. Urgent]
- **Discharge Date:** What is your discharge date? [Open-ended]
- **Medication:** What is your medication? [MCQ: A. Aspirin B. Ibuprofen C. Lipitor D. Paracetamol E. Penicillin]
- **Test Results:** What is your test results? [MCQ: A. Abnormal B. Inconclusive C. Normal]

## Responses

### Respondent 75

- **Age:** 57
- **Gender:** a
- **Blood Type:** f
- **Medical Condition:** f
- **Date of Admission:** 2021-02-12
- **Doctor:** DOC_75
- **Hospital:** HOSP_75
- **Insurance Provider:** d
- **Billing Amount:** 33208
- **Room Number:** 285
- **Admission Type:** c
- **Discharge Date:** 2021-01-26
- **Medication:** e
- **Test Results:** a

### Respondent 131

- **Age:** 44
- **Gender:** b
- **Blood Type:** d
- **Medical Condition:** b
- **Date of Admission:** 2021-01-30
- **Doctor:** DOC_131
- **Hospital:** HOSP_131
- **Insurance Provider:** e
- **Billing Amount:** 14238
- **Room Number:** 450
- **Admission Type:** a
- **Discharge Date:** 2021-06-22
- **Medication:** b
- **Test Results:** b

### Respondent 70

- **Age:** 49
- **Gender:** b
- **Blood Type:** b
- **Medical Condition:** d
- **Date of Admission:** 2019-07-09
- **Doctor:** DOC_70
- **Hospital:** HOSP_70
- **Insurance Provider:** d
- **Billing Amount:** 32643
- **Room Number:** 424
- **Admission Type:** a
- **Discharge Date:** 2019-09-01
- **Medication:** e
- **Test Results:** b

### Respondent 107

- **Age:** 77
- **Gender:** a
- **Blood Type:** g
- **Medical Condition:** d
- **Date of Admission:** 2024-01-31
- **Doctor:** DOC_107
- **Hospital:** HOSP_107
- **Insurance Provider:** a
- **Billing Amount:** 3326
- **Room Number:** 227
- **Admission Type:** a
- **Discharge Date:** 2024-02-02
- **Medication:** a
- **Test Results:** a

### Respondent 124

- **Age:** 57
- **Gender:** b
- **Blood Type:** f
- **Medical Condition:** a
- **Date of Admission:** 2021-06-03
- **Doctor:** DOC_124
- **Hospital:** HOSP_124
- **Insurance Provider:** c
- **Billing Amount:** 46814
- **Room Number:** 228
- **Admission Type:** a
- **Discharge Date:** 2021-10-13
- **Medication:** d
- **Test Results:** b

### Respondent 121

- **Age:** 76
- **Gender:** a
- **Blood Type:** f
- **Medical Condition:** e
- **Date of Admission:** 2021-10-27
- **Doctor:** DOC_121
- **Hospital:** HOSP_121
- **Insurance Provider:** c
- **Billing Amount:** 50119
- **Room Number:** 465
- **Admission Type:** b
- **Discharge Date:** 2021-11-21
- **Medication:** c
- **Test Results:** c

### Respondent 63

- **Age:** 43
- **Gender:** b
- **Blood Type:** d
- **Medical Condition:** c
- **Date of Admission:** 2023-06-28
- **Doctor:** DOC_63
- **Hospital:** HOSP_63
- **Insurance Provider:** d
- **Billing Amount:** 19973
- **Room Number:** 451
- **Admission Type:** a
- **Discharge Date:** 2023-06-10
- **Medication:** b
- **Test Results:** c

### Respondent 117

- **Age:** 58
- **Gender:** a
- **Blood Type:** d
- **Medical Condition:** c
- **Date of Admission:** 2021-01-17
- **Doctor:** DOC_117
- **Hospital:** HOSP_117
- **Insurance Provider:** e
- **Billing Amount:** 20228
- **Room Number:** 249
- **Admission Type:** a
- **Discharge Date:** 2021-07-31
- **Medication:** d
- **Test Results:** b

### Respondent 142

- **Age:** 37
- **Gender:** a
- **Blood Type:** g
- **Medical Condition:** b
- **Date of Admission:** 2019-11-06
- **Doctor:** DOC_142
- **Hospital:** HOSP_142
- **Insurance Provider:** a
- **Billing Amount:** 9586
- **Room Number:** 482
- **Admission Type:** a
- **Discharge Date:** 2020-02-09
- **Medication:** e
- **Test Results:** a

### Respondent 38

- **Age:** 38
- **Gender:** b
- **Blood Type:** g
- **Medical Condition:** f
- **Date of Admission:** 2019-09-30
- **Doctor:** DOC_38
- **Hospital:** HOSP_38
- **Insurance Provider:** a
- **Billing Amount:** 8409
- **Room Number:** 422
- **Admission Type:** c
- **Discharge Date:** 2019-08-26
- **Medication:** d
- **Test Results:** b

### Respondent 99

- **Age:** 67
- **Gender:** b
- **Blood Type:** d
- **Medical Condition:** f
- **Date of Admission:** 2019-07-19
- **Doctor:** DOC_99
- **Hospital:** HOSP_99
- **Insurance Provider:** a
- **Billing Amount:** 2305
- **Room Number:** 418
- **Admission Type:** b
- **Discharge Date:** 2019-07-05
- **Medication:** c
- **Test Results:** b

### Respondent 49

- **Age:** 72
- **Gender:** b
- **Blood Type:** g
- **Medical Condition:** a
- **Date of Admission:** 2021-10-25
- **Doctor:** DOC_49
- **Hospital:** HOSP_49
- **Insurance Provider:** b
- **Billing Amount:** 25302
- **Room Number:** 130
- **Admission Type:** a
- **Discharge Date:** 2021-12-07
- **Medication:** a
- **Test Results:** c

","75, 70, 121, 117, 142, 38","<example>
List all respondents with doctor = 'DOC_107' and hospital = 'HOSP_148'.

DATA:

# Survey Data

## Questions

- **Age:** What is your age? [Open-ended]
- **Gender:** What is your gender? [MCQ: A. Female B. Male]
- **Blood Type:** What is your blood type? [MCQ: A. A+ B. A- C. AB+ D. AB- E. B+ F. B- G. O+ H. O-]
- **Medical Condition:** What is your medical condition? [MCQ: A. Arthritis B. Asthma C. Cancer D. Diabetes E. Hypertension F. Obesity]
- **Date of Admission:** What is your date of admission? [Open-ended]
- **Doctor:** What is your doctor? [Open-ended]
- **Hospital:** What is your hospital? [Open-ended]
- **Insurance Provider:** What is your insurance provider? [MCQ: A. Aetna B. Blue Cross C. Cigna D. Medicare E. UnitedHealthcare]
- **Billing Amount:** What is your billing amount? [Open-ended]
- **Room Number:** What is your room number? [Open-ended]
- **Admission Type:** What is your admission type? [MCQ: A. Elective B. Emergency C. Urgent]
- **Discharge Date:** What is your discharge date? [Open-ended]
- **Medication:** What is your medication? [MCQ: A. Aspirin B. Ibuprofen C. Lipitor D. Paracetamol E. Penicillin]
- **Test Results:** What is your test results? [MCQ: A. Abnormal B. Inconclusive C. Normal]

## Responses

### Respondent 75

- **Age:** 57
- **Gender:** a
- **Blood Type:** f
- **Medical Condition:** f
- **Date of Admission:** 2021-02-12
- **Doctor:** DOC_75
- **Hospital:** HOSP_75
- **Insurance Provider:** d
- **Billing Amount:** 33208
- **Room Number:** 285
- **Admission Type:** c
- **Discharge Date:** 2021-01-26
- **Medication:** e
- **Test Results:** a

### Respondent 131

- **Age:** 44
- **Gender:** b
- **Blood Type:** d
- **Medical Condition:** b
- **Date of Admission:** 2021-01-30
- **Doctor:** DOC_131
- **Hospital:** HOSP_131
- **Insurance Provider:** e
- **Billing Amount:** 14238
- **Room Number:** 450
- **Admission Type:** a
- **Discharge Date:** 2021-06-22
- **Medication:** b
- **Test Results:** b

### Respondent 70

- **Age:** 49
- **Gender:** b
- **Blood Type:** b
- **Medical Condition:** d
- **Date of Admission:** 2019-07-09
- **Doctor:** DOC_70
- **Hospital:** HOSP_70
- **Insurance Provider:** d
- **Billing Amount:** 32643
- **Room Number:** 424
- **Admission Type:** a
- **Discharge Date:** 2019-09-01
- **Medication:** e
- **Test Results:** b

### Respondent 107

- **Age:** 77
- **Gender:** a
- **Blood Type:** g
- **Medical Condition:** d
- **Date of Admission:** 2024-01-31
- **Doctor:** DOC_107
- **Hospital:** HOSP_107
- **Insurance Provider:** a
- **Billing Amount:** 3326
- **Room Number:** 227
- **Admission Type:** a
- **Discharge Date:** 2024-02-02
- **Medication:** a
- **Test Results:** a

### Respondent 124

- **Age:** 57
- **Gender:** b
- **Blood Type:** f
- **Medical Condition:** a
- **Date of Admission:** 2021-06-03
- **Doctor:** DOC_124
- **Hospital:** HOSP_124
- **Insurance Provider:** c
- **Billing Amount:** 46814
- **Room Number:** 228
- **Admission Type:** a
- **Discharge Date:** 2021-10-13
- **Medication:** d
- **Test Results:** b

### Respondent 121

- **Age:** 76
- **Gender:** a
- **Blood Type:** f
- **Medical Condition:** e
- **Date of Admission:** 2021-10-27
- **Doctor:** DOC_121
- **Hospital:** HOSP_121
- **Insurance Provider:** c
- **Billing Amount:** 50119
- **Room Number:** 465
- **Admission Type:** b
- **Discharge Date:** 2021-11-21
- **Medication:** c
- **Test Results:** c

### Respondent 63

- **Age:** 43
- **Gender:** b
- **Blood Type:** d
- **Medical Condition:** c
- **Date of Admission:** 2023-06-28
- **Doctor:** DOC_63
- **Hospital:** HOSP_63
- **Insurance Provider:** d
- **Billing Amount:** 19973
- **Room Number:** 451
- **Admission Type:** a
- **Discharge Date:** 2023-06-10
- **Medication:** b
- **Test Results:** c

### Respondent 117

- **Age:** 58
- **Gender:** a
- **Blood Type:** d
- **Medical Condition:** c
- **Date of Admission:** 2021-01-17
- **Doctor:** DOC_117
- **Hospital:** HOSP_117
- **Insurance Provider:** e
- **Billing Amount:** 20228
- **Room Number:** 249
- **Admission Type:** a
- **Discharge Date:** 2021-07-31
- **Medication:** d
- **Test Results:** b

### Respondent 142

- **Age:** 37
- **Gender:** a
- **Blood Type:** g
- **Medical Condition:** b
- **Date of Admission:** 2019-11-06
- **Doctor:** DOC_142
- **Hospital:** HOSP_142
- **Insurance Provider:** a
- **Billing Amount:** 9586
- **Room Number:** 482
- **Admission Type:** a
- **Discharge Date:** 2020-02-09
- **Medication:** e
- **Test Results:** a

### Respondent 38

- **Age:** 38
- **Gender:** b
- **Blood Type:** g
- **Medical Condition:** f
- **Date of Admission:** 2019-09-30
- **Doctor:** DOC_38
- **Hospital:** HOSP_38
- **Insurance Provider:** a
- **Billing Amount:** 8409
- **Room Number:** 422
- **Admission Type:** c
- **Discharge Date:** 2019-08-26
- **Medication:** d
- **Test Results:** b

### Respondent 99

- **Age:** 67
- **Gender:** b
- **Blood Type:** d
- **Medical Condition:** f
- **Date of Admission:** 2019-07-19
- **Doctor:** DOC_99
- **Hospital:** HOSP_99
- **Insurance Provider:** a
- **Billing Amount:** 2305
- **Room Number:** 418
- **Admission Type:** b
- **Discharge Date:** 2019-07-05
- **Medication:** c
- **Test Results:** b

### Respondent 49

- **Age:** 72
- **Gender:** b
- **Blood Type:** g
- **Medical Condition:** a
- **Date of Admission:** 2021-10-25
- **Doctor:** DOC_49
- **Hospital:** HOSP_49
- **Insurance Provider:** b
- **Billing Amount:** 25302
- **Room Number:** 130
- **Admission Type:** a
- **Discharge Date:** 2021-12-07
- **Medication:** a
- **Test Results:** c



Answer: None
</example>

<questionnaire>
# Survey Data

## Questions

- **Age:** What is your age? [Open-ended]
- **Gender:** What is your gender? [MCQ: A. Female B. Male]
- **Blood Type:** What is your blood type? [MCQ: A. A+ B. A- C. AB+ D. AB- E. B+ F. B- G. O+ H. O-]
- **Medical Condition:** What is your medical condition? [MCQ: A. Arthritis B. Asthma C. Cancer D. Diabetes E. Hypertension F. Obesity]
- **Date of Admission:** What is your date of admission? [Open-ended]
- **Doctor:** What is your doctor? [Open-ended]
- **Hospital:** What is your hospital? [Open-ended]
- **Insurance Provider:** What is your insurance provider? [MCQ: A. Aetna B. Blue Cross C. Cigna D. Medicare E. UnitedHealthcare]
- **Billing Amount:** What is your billing amount? [Open-ended]
- **Room Number:** What is your room number? [Open-ended]
- **Admission Type:** What is your admission type? [MCQ: A. Elective B. Emergency C. Urgent]
- **Discharge Date:** What is your discharge date? [Open-ended]
- **Medication:** What is your medication? [MCQ: A. Aspirin B. Ibuprofen C. Lipitor D. Paracetamol E. Penicillin]
- **Test Results:** What is your test results? [MCQ: A. Abnormal B. Inconclusive C. Normal]

## Responses

### Respondent 75

- **Age:** 57
- **Gender:** a
- **Blood Type:** f
- **Medical Condition:** f
- **Date of Admission:** 2021-02-12
- **Doctor:** DOC_75
- **Hospital:** HOSP_75
- **Insurance Provider:** d
- **Billing Amount:** 33208
- **Room Number:** 285
- **Admission Type:** c
- **Discharge Date:** 2021-01-26
- **Medication:** e
- **Test Results:** a

### Respondent 131

- **Age:** 44
- **Gender:** b
- **Blood Type:** d
- **Medical Condition:** b
- **Date of Admission:** 2021-01-30
- **Doctor:** DOC_131
- **Hospital:** HOSP_131
- **Insurance Provider:** e
- **Billing Amount:** 14238
- **Room Number:** 450
- **Admission Type:** a
- **Discharge Date:** 2021-06-22
- **Medication:** b
- **Test Results:** b

### Respondent 70

- **Age:** 49
- **Gender:** b
- **Blood Type:** b
- **Medical Condition:** d
- **Date of Admission:** 2019-07-09
- **Doctor:** DOC_70
- **Hospital:** HOSP_70
- **Insurance Provider:** d
- **Billing Amount:** 32643
- **Room Number:** 424
- **Admission Type:** a
- **Discharge Date:** 2019-09-01
- **Medication:** e
- **Test Results:** b

### Respondent 107

- **Age:** 77
- **Gender:** a
- **Blood Type:** g
- **Medical Condition:** d
- **Date of Admission:** 2024-01-31
- **Doctor:** DOC_107
- **Hospital:** HOSP_107
- **Insurance Provider:** a
- **Billing Amount:** 3326
- **Room Number:** 227
- **Admission Type:** a
- **Discharge Date:** 2024-02-02
- **Medication:** a
- **Test Results:** a

### Respondent 124

- **Age:** 57
- **Gender:** b
- **Blood Type:** f
- **Medical Condition:** a
- **Date of Admission:** 2021-06-03
- **Doctor:** DOC_124
- **Hospital:** HOSP_124
- **Insurance Provider:** c
- **Billing Amount:** 46814
- **Room Number:** 228
- **Admission Type:** a
- **Discharge Date:** 2021-10-13
- **Medication:** d
- **Test Results:** b

### Respondent 121

- **Age:** 76
- **Gender:** a
- **Blood Type:** f
- **Medical Condition:** e
- **Date of Admission:** 2021-10-27
- **Doctor:** DOC_121
- **Hospital:** HOSP_121
- **Insurance Provider:** c
- **Billing Amount:** 50119
- **Room Number:** 465
- **Admission Type:** b
- **Discharge Date:** 2021-11-21
- **Medication:** c
- **Test Results:** c

### Respondent 63

- **Age:** 43
- **Gender:** b
- **Blood Type:** d
- **Medical Condition:** c
- **Date of Admission:** 2023-06-28
- **Doctor:** DOC_63
- **Hospital:** HOSP_63
- **Insurance Provider:** d
- **Billing Amount:** 19973
- **Room Number:** 451
- **Admission Type:** a
- **Discharge Date:** 2023-06-10
- **Medication:** b
- **Test Results:** c

### Respondent 117

- **Age:** 58
- **Gender:** a
- **Blood Type:** d
- **Medical Condition:** c
- **Date of Admission:** 2021-01-17
- **Doctor:** DOC_117
- **Hospital:** HOSP_117
- **Insurance Provider:** e
- **Billing Amount:** 20228
- **Room Number:** 249
- **Admission Type:** a
- **Discharge Date:** 2021-07-31
- **Medication:** d
- **Test Results:** b

### Respondent 142

- **Age:** 37
- **Gender:** a
- **Blood Type:** g
- **Medical Condition:** b
- **Date of Admission:** 2019-11-06
- **Doctor:** DOC_142
- **Hospital:** HOSP_142
- **Insurance Provider:** a
- **Billing Amount:** 9586
- **Room Number:** 482
- **Admission Type:** a
- **Discharge Date:** 2020-02-09
- **Medication:** e
- **Test Results:** a

### Respondent 38

- **Age:** 38
- **Gender:** b
- **Blood Type:** g
- **Medical Condition:** f
- **Date of Admission:** 2019-09-30
- **Doctor:** DOC_38
- **Hospital:** HOSP_38
- **Insurance Provider:** a
- **Billing Amount:** 8409
- **Room Number:** 422
- **Admission Type:** c
- **Discharge Date:** 2019-08-26
- **Medication:** d
- **Test Results:** b

### Respondent 99

- **Age:** 67
- **Gender:** b
- **Blood Type:** d
- **Medical Condition:** f
- **Date of Admission:** 2019-07-19
- **Doctor:** DOC_99
- **Hospital:** HOSP_99
- **Insurance Provider:** a
- **Billing Amount:** 2305
- **Room Number:** 418
- **Admission Type:** b
- **Discharge Date:** 2019-07-05
- **Medication:** c
- **Test Results:** b

### Respondent 49

- **Age:** 72
- **Gender:** b
- **Blood Type:** g
- **Medical Condition:** a
- **Date of Admission:** 2021-10-25
- **Doctor:** DOC_49
- **Hospital:** HOSP_49
- **Insurance Provider:** b
- **Billing Amount:** 25302
- **Room Number:** 130
- **Admission Type:** a
- **Discharge Date:** 2021-12-07
- **Medication:** a
- **Test Results:** c


</questionnaire>

<role>
You are a meticulous data analyst AI. Your primary function is to accurately analyze structured data and provide precise, verifiable answers.
</role>

<format>
You will be given a dataset with two key parts:

A 'questions' section: This is your data dictionary or schema. It is the single source of truth for understanding what each field and score means. Refer to it carefully.

A 'responses' section: This contains the raw data from each individual respondent.

To answer the question correctly, you must first use the 'questions' schema to fully understand the context and meaning of the data points within the 'responses'. Do not rely on any prior knowledge outside of this provided data. Base your entire analysis on the information given.
</format>

<output>
Provide your final answer directly and concisely. Output must be the human-readable value, not an option code.

Rules:
- For MCQ fields, map any letter codes in the Responses (case-insensitive) to the corresponding option text from the Questions schema, and output only that text. Do NOT include the letter or both.
  Example: If the schema is ""[MCQ: A. Abnormal B. Inconclusive C. Normal]"" and the response is ""a"", output ""Abnormal"".
- For open-ended fields, output the exact text value.
- If the question asks for a count, provide only the number (e.g., ""42"").
- If the question asks for a list of names or IDs, provide a simple comma-separated list (e.g., ""17, 21, 23"").
- Preserve capitalization exactly as in the schema (e.g., output ""Abnormal"", not ""abnormal"" or ""A"").
</output>

<task>
Find all respondents whose billing amount is higher than the average billing amount for all patients with the same insurance provider.
</task>",,False
case_46,answer_reverse_lookup,Find all respondents from 'HOSP_69' whose billing amount is greater than the average billing amount for all patients at that same hospital.,"# Survey Data

## Questions

- **Age:** What is your age? [Open-ended]
- **Gender:** What is your gender? [MCQ: A. Female B. Male]
- **Blood Type:** What is your blood type? [MCQ: A. A+ B. A- C. AB+ D. AB- E. B+ F. B- G. O+ H. O-]
- **Medical Condition:** What is your medical condition? [MCQ: A. Arthritis B. Asthma C. Cancer D. Diabetes E. Hypertension F. Obesity]
- **Date of Admission:** What is your date of admission? [Open-ended]
- **Doctor:** What is your doctor? [Open-ended]
- **Hospital:** What is your hospital? [Open-ended]
- **Insurance Provider:** What is your insurance provider? [MCQ: A. Aetna B. Blue Cross C. Cigna D. Medicare E. UnitedHealthcare]
- **Billing Amount:** What is your billing amount? [Open-ended]
- **Room Number:** What is your room number? [Open-ended]
- **Admission Type:** What is your admission type? [MCQ: A. Elective B. Emergency C. Urgent]
- **Discharge Date:** What is your discharge date? [Open-ended]
- **Medication:** What is your medication? [MCQ: A. Aspirin B. Ibuprofen C. Lipitor D. Paracetamol E. Penicillin]
- **Test Results:** What is your test results? [MCQ: A. Abnormal B. Inconclusive C. Normal]

## Responses

### Respondent 18

- **Age:** 19
- **Gender:** b
- **Blood Type:** e
- **Medical Condition:** e
- **Date of Admission:** 2019-08-18
- **Doctor:** DOC_18
- **Hospital:** HOSP_18
- **Insurance Provider:** b
- **Billing Amount:** 12263
- **Room Number:** 109
- **Admission Type:** b
- **Discharge Date:** 2019-11-22
- **Medication:** a
- **Test Results:** a

### Respondent 71

- **Age:** 52
- **Gender:** b
- **Blood Type:** f
- **Medical Condition:** d
- **Date of Admission:** 2022-09-14
- **Doctor:** DOC_71
- **Hospital:** HOSP_71
- **Insurance Provider:** b
- **Billing Amount:** 31486
- **Room Number:** 212
- **Admission Type:** a
- **Discharge Date:** 2022-10-07
- **Medication:** a
- **Test Results:** c

### Respondent 107

- **Age:** 77
- **Gender:** a
- **Blood Type:** g
- **Medical Condition:** d
- **Date of Admission:** 2024-01-31
- **Doctor:** DOC_107
- **Hospital:** HOSP_107
- **Insurance Provider:** a
- **Billing Amount:** 3326
- **Room Number:** 227
- **Admission Type:** a
- **Discharge Date:** 2024-02-02
- **Medication:** a
- **Test Results:** a

### Respondent 88

- **Age:** 38
- **Gender:** a
- **Blood Type:** a
- **Medical Condition:** c
- **Date of Admission:** 2023-06-08
- **Doctor:** DOC_88
- **Hospital:** HOSP_88
- **Insurance Provider:** c
- **Billing Amount:** 39616
- **Room Number:** 442
- **Admission Type:** a
- **Discharge Date:** 2023-07-02
- **Medication:** a
- **Test Results:** a

### Respondent 130

- **Age:** 30
- **Gender:** a
- **Blood Type:** g
- **Medical Condition:** d
- **Date of Admission:** 2020-12-04
- **Doctor:** DOC_130
- **Hospital:** HOSP_130
- **Insurance Provider:** d
- **Billing Amount:** 34618
- **Room Number:** 449
- **Admission Type:** a
- **Discharge Date:** 2021-01-29
- **Medication:** b
- **Test Results:** a

### Respondent 69

- **Age:** 18
- **Gender:** b
- **Blood Type:** b
- **Medical Condition:** f
- **Date of Admission:** 2022-01-09
- **Doctor:** DOC_69
- **Hospital:** HOSP_69
- **Insurance Provider:** a
- **Billing Amount:** 46957
- **Room Number:** 331
- **Admission Type:** b
- **Discharge Date:** 2022-01-12
- **Medication:** a
- **Test Results:** b

### Respondent 1

- **Age:** 53
- **Gender:** b
- **Blood Type:** d
- **Medical Condition:** e
- **Date of Admission:** 2023-08-25
- **Doctor:** DOC_01
- **Hospital:** HOSP_01
- **Insurance Provider:** d
- **Billing Amount:** 24870
- **Room Number:** 418
- **Admission Type:** c
- **Discharge Date:** 2023-09-23
- **Medication:** c
- **Test Results:** a

",None,"<example>
List all respondents with doctor = 'DOC_107' and hospital = 'HOSP_148'.

DATA:

# Survey Data

## Questions

- **Age:** What is your age? [Open-ended]
- **Gender:** What is your gender? [MCQ: A. Female B. Male]
- **Blood Type:** What is your blood type? [MCQ: A. A+ B. A- C. AB+ D. AB- E. B+ F. B- G. O+ H. O-]
- **Medical Condition:** What is your medical condition? [MCQ: A. Arthritis B. Asthma C. Cancer D. Diabetes E. Hypertension F. Obesity]
- **Date of Admission:** What is your date of admission? [Open-ended]
- **Doctor:** What is your doctor? [Open-ended]
- **Hospital:** What is your hospital? [Open-ended]
- **Insurance Provider:** What is your insurance provider? [MCQ: A. Aetna B. Blue Cross C. Cigna D. Medicare E. UnitedHealthcare]
- **Billing Amount:** What is your billing amount? [Open-ended]
- **Room Number:** What is your room number? [Open-ended]
- **Admission Type:** What is your admission type? [MCQ: A. Elective B. Emergency C. Urgent]
- **Discharge Date:** What is your discharge date? [Open-ended]
- **Medication:** What is your medication? [MCQ: A. Aspirin B. Ibuprofen C. Lipitor D. Paracetamol E. Penicillin]
- **Test Results:** What is your test results? [MCQ: A. Abnormal B. Inconclusive C. Normal]

## Responses

### Respondent 18

- **Age:** 19
- **Gender:** b
- **Blood Type:** e
- **Medical Condition:** e
- **Date of Admission:** 2019-08-18
- **Doctor:** DOC_18
- **Hospital:** HOSP_18
- **Insurance Provider:** b
- **Billing Amount:** 12263
- **Room Number:** 109
- **Admission Type:** b
- **Discharge Date:** 2019-11-22
- **Medication:** a
- **Test Results:** a

### Respondent 71

- **Age:** 52
- **Gender:** b
- **Blood Type:** f
- **Medical Condition:** d
- **Date of Admission:** 2022-09-14
- **Doctor:** DOC_71
- **Hospital:** HOSP_71
- **Insurance Provider:** b
- **Billing Amount:** 31486
- **Room Number:** 212
- **Admission Type:** a
- **Discharge Date:** 2022-10-07
- **Medication:** a
- **Test Results:** c

### Respondent 107

- **Age:** 77
- **Gender:** a
- **Blood Type:** g
- **Medical Condition:** d
- **Date of Admission:** 2024-01-31
- **Doctor:** DOC_107
- **Hospital:** HOSP_107
- **Insurance Provider:** a
- **Billing Amount:** 3326
- **Room Number:** 227
- **Admission Type:** a
- **Discharge Date:** 2024-02-02
- **Medication:** a
- **Test Results:** a

### Respondent 88

- **Age:** 38
- **Gender:** a
- **Blood Type:** a
- **Medical Condition:** c
- **Date of Admission:** 2023-06-08
- **Doctor:** DOC_88
- **Hospital:** HOSP_88
- **Insurance Provider:** c
- **Billing Amount:** 39616
- **Room Number:** 442
- **Admission Type:** a
- **Discharge Date:** 2023-07-02
- **Medication:** a
- **Test Results:** a

### Respondent 130

- **Age:** 30
- **Gender:** a
- **Blood Type:** g
- **Medical Condition:** d
- **Date of Admission:** 2020-12-04
- **Doctor:** DOC_130
- **Hospital:** HOSP_130
- **Insurance Provider:** d
- **Billing Amount:** 34618
- **Room Number:** 449
- **Admission Type:** a
- **Discharge Date:** 2021-01-29
- **Medication:** b
- **Test Results:** a

### Respondent 69

- **Age:** 18
- **Gender:** b
- **Blood Type:** b
- **Medical Condition:** f
- **Date of Admission:** 2022-01-09
- **Doctor:** DOC_69
- **Hospital:** HOSP_69
- **Insurance Provider:** a
- **Billing Amount:** 46957
- **Room Number:** 331
- **Admission Type:** b
- **Discharge Date:** 2022-01-12
- **Medication:** a
- **Test Results:** b

### Respondent 1

- **Age:** 53
- **Gender:** b
- **Blood Type:** d
- **Medical Condition:** e
- **Date of Admission:** 2023-08-25
- **Doctor:** DOC_01
- **Hospital:** HOSP_01
- **Insurance Provider:** d
- **Billing Amount:** 24870
- **Room Number:** 418
- **Admission Type:** c
- **Discharge Date:** 2023-09-23
- **Medication:** c
- **Test Results:** a



Answer: None
</example>

<questionnaire>
# Survey Data

## Questions

- **Age:** What is your age? [Open-ended]
- **Gender:** What is your gender? [MCQ: A. Female B. Male]
- **Blood Type:** What is your blood type? [MCQ: A. A+ B. A- C. AB+ D. AB- E. B+ F. B- G. O+ H. O-]
- **Medical Condition:** What is your medical condition? [MCQ: A. Arthritis B. Asthma C. Cancer D. Diabetes E. Hypertension F. Obesity]
- **Date of Admission:** What is your date of admission? [Open-ended]
- **Doctor:** What is your doctor? [Open-ended]
- **Hospital:** What is your hospital? [Open-ended]
- **Insurance Provider:** What is your insurance provider? [MCQ: A. Aetna B. Blue Cross C. Cigna D. Medicare E. UnitedHealthcare]
- **Billing Amount:** What is your billing amount? [Open-ended]
- **Room Number:** What is your room number? [Open-ended]
- **Admission Type:** What is your admission type? [MCQ: A. Elective B. Emergency C. Urgent]
- **Discharge Date:** What is your discharge date? [Open-ended]
- **Medication:** What is your medication? [MCQ: A. Aspirin B. Ibuprofen C. Lipitor D. Paracetamol E. Penicillin]
- **Test Results:** What is your test results? [MCQ: A. Abnormal B. Inconclusive C. Normal]

## Responses

### Respondent 18

- **Age:** 19
- **Gender:** b
- **Blood Type:** e
- **Medical Condition:** e
- **Date of Admission:** 2019-08-18
- **Doctor:** DOC_18
- **Hospital:** HOSP_18
- **Insurance Provider:** b
- **Billing Amount:** 12263
- **Room Number:** 109
- **Admission Type:** b
- **Discharge Date:** 2019-11-22
- **Medication:** a
- **Test Results:** a

### Respondent 71

- **Age:** 52
- **Gender:** b
- **Blood Type:** f
- **Medical Condition:** d
- **Date of Admission:** 2022-09-14
- **Doctor:** DOC_71
- **Hospital:** HOSP_71
- **Insurance Provider:** b
- **Billing Amount:** 31486
- **Room Number:** 212
- **Admission Type:** a
- **Discharge Date:** 2022-10-07
- **Medication:** a
- **Test Results:** c

### Respondent 107

- **Age:** 77
- **Gender:** a
- **Blood Type:** g
- **Medical Condition:** d
- **Date of Admission:** 2024-01-31
- **Doctor:** DOC_107
- **Hospital:** HOSP_107
- **Insurance Provider:** a
- **Billing Amount:** 3326
- **Room Number:** 227
- **Admission Type:** a
- **Discharge Date:** 2024-02-02
- **Medication:** a
- **Test Results:** a

### Respondent 88

- **Age:** 38
- **Gender:** a
- **Blood Type:** a
- **Medical Condition:** c
- **Date of Admission:** 2023-06-08
- **Doctor:** DOC_88
- **Hospital:** HOSP_88
- **Insurance Provider:** c
- **Billing Amount:** 39616
- **Room Number:** 442
- **Admission Type:** a
- **Discharge Date:** 2023-07-02
- **Medication:** a
- **Test Results:** a

### Respondent 130

- **Age:** 30
- **Gender:** a
- **Blood Type:** g
- **Medical Condition:** d
- **Date of Admission:** 2020-12-04
- **Doctor:** DOC_130
- **Hospital:** HOSP_130
- **Insurance Provider:** d
- **Billing Amount:** 34618
- **Room Number:** 449
- **Admission Type:** a
- **Discharge Date:** 2021-01-29
- **Medication:** b
- **Test Results:** a

### Respondent 69

- **Age:** 18
- **Gender:** b
- **Blood Type:** b
- **Medical Condition:** f
- **Date of Admission:** 2022-01-09
- **Doctor:** DOC_69
- **Hospital:** HOSP_69
- **Insurance Provider:** a
- **Billing Amount:** 46957
- **Room Number:** 331
- **Admission Type:** b
- **Discharge Date:** 2022-01-12
- **Medication:** a
- **Test Results:** b

### Respondent 1

- **Age:** 53
- **Gender:** b
- **Blood Type:** d
- **Medical Condition:** e
- **Date of Admission:** 2023-08-25
- **Doctor:** DOC_01
- **Hospital:** HOSP_01
- **Insurance Provider:** d
- **Billing Amount:** 24870
- **Room Number:** 418
- **Admission Type:** c
- **Discharge Date:** 2023-09-23
- **Medication:** c
- **Test Results:** a


</questionnaire>

<role>
You are a meticulous data analyst AI. Your primary function is to accurately analyze structured data and provide precise, verifiable answers.
</role>

<format>
You will be given a dataset with two key parts:

A 'questions' section: This is your data dictionary or schema. It is the single source of truth for understanding what each field and score means. Refer to it carefully.

A 'responses' section: This contains the raw data from each individual respondent.

To answer the question correctly, you must first use the 'questions' schema to fully understand the context and meaning of the data points within the 'responses'. Do not rely on any prior knowledge outside of this provided data. Base your entire analysis on the information given.
</format>

<output>
Provide your final answer directly and concisely. Output must be the human-readable value, not an option code.

Rules:
- For MCQ fields, map any letter codes in the Responses (case-insensitive) to the corresponding option text from the Questions schema, and output only that text. Do NOT include the letter or both.
  Example: If the schema is ""[MCQ: A. Abnormal B. Inconclusive C. Normal]"" and the response is ""a"", output ""Abnormal"".
- For open-ended fields, output the exact text value.
- If the question asks for a count, provide only the number (e.g., ""42"").
- If the question asks for a list of names or IDs, provide a simple comma-separated list (e.g., ""17, 21, 23"").
- Preserve capitalization exactly as in the schema (e.g., output ""Abnormal"", not ""abnormal"" or ""A"").
</output>

<task>
Find all respondents from 'HOSP_69' whose billing amount is greater than the average billing amount for all patients at that same hospital.
</task>",,False
case_47,answer_reverse_lookup,Find all respondents whose billing amount is higher than the average billing amount for all patients with the same insurance provider.,"# Survey Data

## Questions

- **Age:** What is your age? [Open-ended]
- **Gender:** What is your gender? [MCQ: A. Female B. Male]
- **Blood Type:** What is your blood type? [MCQ: A. A+ B. A- C. AB+ D. AB- E. B+ F. B- G. O+ H. O-]
- **Medical Condition:** What is your medical condition? [MCQ: A. Arthritis B. Asthma C. Cancer D. Diabetes E. Hypertension F. Obesity]
- **Date of Admission:** What is your date of admission? [Open-ended]
- **Doctor:** What is your doctor? [Open-ended]
- **Hospital:** What is your hospital? [Open-ended]
- **Insurance Provider:** What is your insurance provider? [MCQ: A. Aetna B. Blue Cross C. Cigna D. Medicare E. UnitedHealthcare]
- **Billing Amount:** What is your billing amount? [Open-ended]
- **Room Number:** What is your room number? [Open-ended]
- **Admission Type:** What is your admission type? [MCQ: A. Elective B. Emergency C. Urgent]
- **Discharge Date:** What is your discharge date? [Open-ended]
- **Medication:** What is your medication? [MCQ: A. Aspirin B. Ibuprofen C. Lipitor D. Paracetamol E. Penicillin]
- **Test Results:** What is your test results? [MCQ: A. Abnormal B. Inconclusive C. Normal]

## Responses

### Respondent 77

- **Age:** 59
- **Gender:** b
- **Blood Type:** b
- **Medical Condition:** b
- **Date of Admission:** 2024-04-05
- **Doctor:** DOC_77
- **Hospital:** HOSP_77
- **Insurance Provider:** e
- **Billing Amount:** 39958
- **Room Number:** 233
- **Admission Type:** b
- **Discharge Date:** 2024-02-10
- **Medication:** b
- **Test Results:** b

### Respondent 149

- **Age:** 63
- **Gender:** b
- **Blood Type:** a
- **Medical Condition:** f
- **Date of Admission:** 2019-10-14
- **Doctor:** DOC_149
- **Hospital:** HOSP_149
- **Insurance Provider:** d
- **Billing Amount:** 33211
- **Room Number:** 263
- **Admission Type:** b
- **Discharge Date:** 2019-10-16
- **Medication:** b
- **Test Results:** c

### Respondent 126

- **Age:** 20
- **Gender:** b
- **Blood Type:** g
- **Medical Condition:** a
- **Date of Admission:** 2021-01-03
- **Doctor:** DOC_126
- **Hospital:** HOSP_126
- **Insurance Provider:** b
- **Billing Amount:** 33682
- **Room Number:** 321
- **Admission Type:** b
- **Discharge Date:** 2020-12-08
- **Medication:** b
- **Test Results:** a

### Respondent 39

- **Age:** 27
- **Gender:** b
- **Blood Type:** d
- **Medical Condition:** d
- **Date of Admission:** 2021-10-08
- **Doctor:** DOC_39
- **Hospital:** HOSP_39
- **Insurance Provider:** a
- **Billing Amount:** 45453
- **Room Number:** 255
- **Admission Type:** c
- **Discharge Date:** 2021-10-05
- **Medication:** e
- **Test Results:** a

### Respondent 115

- **Age:** 82
- **Gender:** b
- **Blood Type:** e
- **Medical Condition:** e
- **Date of Admission:** 2021-07-30
- **Doctor:** DOC_115
- **Hospital:** HOSP_115
- **Insurance Provider:** e
- **Billing Amount:** 40693
- **Room Number:** 277
- **Admission Type:** c
- **Discharge Date:** 2021-12-09
- **Medication:** c
- **Test Results:** c

### Respondent 138

- **Age:** 58
- **Gender:** a
- **Blood Type:** d
- **Medical Condition:** a
- **Date of Admission:** 2023-07-24
- **Doctor:** DOC_138
- **Hospital:** HOSP_138
- **Insurance Provider:** a
- **Billing Amount:** 7556
- **Room Number:** 133
- **Admission Type:** a
- **Discharge Date:** 2023-09-05
- **Medication:** d
- **Test Results:** a

### Respondent 124

- **Age:** 57
- **Gender:** b
- **Blood Type:** f
- **Medical Condition:** a
- **Date of Admission:** 2021-06-03
- **Doctor:** DOC_124
- **Hospital:** HOSP_124
- **Insurance Provider:** c
- **Billing Amount:** 46814
- **Room Number:** 228
- **Admission Type:** a
- **Discharge Date:** 2021-10-13
- **Medication:** d
- **Test Results:** b

### Respondent 89

- **Age:** 18
- **Gender:** b
- **Blood Type:** f
- **Medical Condition:** f
- **Date of Admission:** 2022-10-18
- **Doctor:** DOC_89
- **Hospital:** HOSP_89
- **Insurance Provider:** d
- **Billing Amount:** 32629
- **Room Number:** 424
- **Admission Type:** b
- **Discharge Date:** 2022-11-11
- **Medication:** b
- **Test Results:** c

### Respondent 86

- **Age:** 80
- **Gender:** a
- **Blood Type:** a
- **Medical Condition:** e
- **Date of Admission:** 2021-12-19
- **Doctor:** DOC_86
- **Hospital:** HOSP_86
- **Insurance Provider:** d
- **Billing Amount:** 21784
- **Room Number:** 302
- **Admission Type:** a
- **Discharge Date:** 2021-10-14
- **Medication:** b
- **Test Results:** c

","149, 39, 115, 89","<example>
List all respondents with doctor = 'DOC_107' and hospital = 'HOSP_148'.

DATA:

# Survey Data

## Questions

- **Age:** What is your age? [Open-ended]
- **Gender:** What is your gender? [MCQ: A. Female B. Male]
- **Blood Type:** What is your blood type? [MCQ: A. A+ B. A- C. AB+ D. AB- E. B+ F. B- G. O+ H. O-]
- **Medical Condition:** What is your medical condition? [MCQ: A. Arthritis B. Asthma C. Cancer D. Diabetes E. Hypertension F. Obesity]
- **Date of Admission:** What is your date of admission? [Open-ended]
- **Doctor:** What is your doctor? [Open-ended]
- **Hospital:** What is your hospital? [Open-ended]
- **Insurance Provider:** What is your insurance provider? [MCQ: A. Aetna B. Blue Cross C. Cigna D. Medicare E. UnitedHealthcare]
- **Billing Amount:** What is your billing amount? [Open-ended]
- **Room Number:** What is your room number? [Open-ended]
- **Admission Type:** What is your admission type? [MCQ: A. Elective B. Emergency C. Urgent]
- **Discharge Date:** What is your discharge date? [Open-ended]
- **Medication:** What is your medication? [MCQ: A. Aspirin B. Ibuprofen C. Lipitor D. Paracetamol E. Penicillin]
- **Test Results:** What is your test results? [MCQ: A. Abnormal B. Inconclusive C. Normal]

## Responses

### Respondent 77

- **Age:** 59
- **Gender:** b
- **Blood Type:** b
- **Medical Condition:** b
- **Date of Admission:** 2024-04-05
- **Doctor:** DOC_77
- **Hospital:** HOSP_77
- **Insurance Provider:** e
- **Billing Amount:** 39958
- **Room Number:** 233
- **Admission Type:** b
- **Discharge Date:** 2024-02-10
- **Medication:** b
- **Test Results:** b

### Respondent 149

- **Age:** 63
- **Gender:** b
- **Blood Type:** a
- **Medical Condition:** f
- **Date of Admission:** 2019-10-14
- **Doctor:** DOC_149
- **Hospital:** HOSP_149
- **Insurance Provider:** d
- **Billing Amount:** 33211
- **Room Number:** 263
- **Admission Type:** b
- **Discharge Date:** 2019-10-16
- **Medication:** b
- **Test Results:** c

### Respondent 126

- **Age:** 20
- **Gender:** b
- **Blood Type:** g
- **Medical Condition:** a
- **Date of Admission:** 2021-01-03
- **Doctor:** DOC_126
- **Hospital:** HOSP_126
- **Insurance Provider:** b
- **Billing Amount:** 33682
- **Room Number:** 321
- **Admission Type:** b
- **Discharge Date:** 2020-12-08
- **Medication:** b
- **Test Results:** a

### Respondent 39

- **Age:** 27
- **Gender:** b
- **Blood Type:** d
- **Medical Condition:** d
- **Date of Admission:** 2021-10-08
- **Doctor:** DOC_39
- **Hospital:** HOSP_39
- **Insurance Provider:** a
- **Billing Amount:** 45453
- **Room Number:** 255
- **Admission Type:** c
- **Discharge Date:** 2021-10-05
- **Medication:** e
- **Test Results:** a

### Respondent 115

- **Age:** 82
- **Gender:** b
- **Blood Type:** e
- **Medical Condition:** e
- **Date of Admission:** 2021-07-30
- **Doctor:** DOC_115
- **Hospital:** HOSP_115
- **Insurance Provider:** e
- **Billing Amount:** 40693
- **Room Number:** 277
- **Admission Type:** c
- **Discharge Date:** 2021-12-09
- **Medication:** c
- **Test Results:** c

### Respondent 138

- **Age:** 58
- **Gender:** a
- **Blood Type:** d
- **Medical Condition:** a
- **Date of Admission:** 2023-07-24
- **Doctor:** DOC_138
- **Hospital:** HOSP_138
- **Insurance Provider:** a
- **Billing Amount:** 7556
- **Room Number:** 133
- **Admission Type:** a
- **Discharge Date:** 2023-09-05
- **Medication:** d
- **Test Results:** a

### Respondent 124

- **Age:** 57
- **Gender:** b
- **Blood Type:** f
- **Medical Condition:** a
- **Date of Admission:** 2021-06-03
- **Doctor:** DOC_124
- **Hospital:** HOSP_124
- **Insurance Provider:** c
- **Billing Amount:** 46814
- **Room Number:** 228
- **Admission Type:** a
- **Discharge Date:** 2021-10-13
- **Medication:** d
- **Test Results:** b

### Respondent 89

- **Age:** 18
- **Gender:** b
- **Blood Type:** f
- **Medical Condition:** f
- **Date of Admission:** 2022-10-18
- **Doctor:** DOC_89
- **Hospital:** HOSP_89
- **Insurance Provider:** d
- **Billing Amount:** 32629
- **Room Number:** 424
- **Admission Type:** b
- **Discharge Date:** 2022-11-11
- **Medication:** b
- **Test Results:** c

### Respondent 86

- **Age:** 80
- **Gender:** a
- **Blood Type:** a
- **Medical Condition:** e
- **Date of Admission:** 2021-12-19
- **Doctor:** DOC_86
- **Hospital:** HOSP_86
- **Insurance Provider:** d
- **Billing Amount:** 21784
- **Room Number:** 302
- **Admission Type:** a
- **Discharge Date:** 2021-10-14
- **Medication:** b
- **Test Results:** c



Answer: None
</example>

<questionnaire>
# Survey Data

## Questions

- **Age:** What is your age? [Open-ended]
- **Gender:** What is your gender? [MCQ: A. Female B. Male]
- **Blood Type:** What is your blood type? [MCQ: A. A+ B. A- C. AB+ D. AB- E. B+ F. B- G. O+ H. O-]
- **Medical Condition:** What is your medical condition? [MCQ: A. Arthritis B. Asthma C. Cancer D. Diabetes E. Hypertension F. Obesity]
- **Date of Admission:** What is your date of admission? [Open-ended]
- **Doctor:** What is your doctor? [Open-ended]
- **Hospital:** What is your hospital? [Open-ended]
- **Insurance Provider:** What is your insurance provider? [MCQ: A. Aetna B. Blue Cross C. Cigna D. Medicare E. UnitedHealthcare]
- **Billing Amount:** What is your billing amount? [Open-ended]
- **Room Number:** What is your room number? [Open-ended]
- **Admission Type:** What is your admission type? [MCQ: A. Elective B. Emergency C. Urgent]
- **Discharge Date:** What is your discharge date? [Open-ended]
- **Medication:** What is your medication? [MCQ: A. Aspirin B. Ibuprofen C. Lipitor D. Paracetamol E. Penicillin]
- **Test Results:** What is your test results? [MCQ: A. Abnormal B. Inconclusive C. Normal]

## Responses

### Respondent 77

- **Age:** 59
- **Gender:** b
- **Blood Type:** b
- **Medical Condition:** b
- **Date of Admission:** 2024-04-05
- **Doctor:** DOC_77
- **Hospital:** HOSP_77
- **Insurance Provider:** e
- **Billing Amount:** 39958
- **Room Number:** 233
- **Admission Type:** b
- **Discharge Date:** 2024-02-10
- **Medication:** b
- **Test Results:** b

### Respondent 149

- **Age:** 63
- **Gender:** b
- **Blood Type:** a
- **Medical Condition:** f
- **Date of Admission:** 2019-10-14
- **Doctor:** DOC_149
- **Hospital:** HOSP_149
- **Insurance Provider:** d
- **Billing Amount:** 33211
- **Room Number:** 263
- **Admission Type:** b
- **Discharge Date:** 2019-10-16
- **Medication:** b
- **Test Results:** c

### Respondent 126

- **Age:** 20
- **Gender:** b
- **Blood Type:** g
- **Medical Condition:** a
- **Date of Admission:** 2021-01-03
- **Doctor:** DOC_126
- **Hospital:** HOSP_126
- **Insurance Provider:** b
- **Billing Amount:** 33682
- **Room Number:** 321
- **Admission Type:** b
- **Discharge Date:** 2020-12-08
- **Medication:** b
- **Test Results:** a

### Respondent 39

- **Age:** 27
- **Gender:** b
- **Blood Type:** d
- **Medical Condition:** d
- **Date of Admission:** 2021-10-08
- **Doctor:** DOC_39
- **Hospital:** HOSP_39
- **Insurance Provider:** a
- **Billing Amount:** 45453
- **Room Number:** 255
- **Admission Type:** c
- **Discharge Date:** 2021-10-05
- **Medication:** e
- **Test Results:** a

### Respondent 115

- **Age:** 82
- **Gender:** b
- **Blood Type:** e
- **Medical Condition:** e
- **Date of Admission:** 2021-07-30
- **Doctor:** DOC_115
- **Hospital:** HOSP_115
- **Insurance Provider:** e
- **Billing Amount:** 40693
- **Room Number:** 277
- **Admission Type:** c
- **Discharge Date:** 2021-12-09
- **Medication:** c
- **Test Results:** c

### Respondent 138

- **Age:** 58
- **Gender:** a
- **Blood Type:** d
- **Medical Condition:** a
- **Date of Admission:** 2023-07-24
- **Doctor:** DOC_138
- **Hospital:** HOSP_138
- **Insurance Provider:** a
- **Billing Amount:** 7556
- **Room Number:** 133
- **Admission Type:** a
- **Discharge Date:** 2023-09-05
- **Medication:** d
- **Test Results:** a

### Respondent 124

- **Age:** 57
- **Gender:** b
- **Blood Type:** f
- **Medical Condition:** a
- **Date of Admission:** 2021-06-03
- **Doctor:** DOC_124
- **Hospital:** HOSP_124
- **Insurance Provider:** c
- **Billing Amount:** 46814
- **Room Number:** 228
- **Admission Type:** a
- **Discharge Date:** 2021-10-13
- **Medication:** d
- **Test Results:** b

### Respondent 89

- **Age:** 18
- **Gender:** b
- **Blood Type:** f
- **Medical Condition:** f
- **Date of Admission:** 2022-10-18
- **Doctor:** DOC_89
- **Hospital:** HOSP_89
- **Insurance Provider:** d
- **Billing Amount:** 32629
- **Room Number:** 424
- **Admission Type:** b
- **Discharge Date:** 2022-11-11
- **Medication:** b
- **Test Results:** c

### Respondent 86

- **Age:** 80
- **Gender:** a
- **Blood Type:** a
- **Medical Condition:** e
- **Date of Admission:** 2021-12-19
- **Doctor:** DOC_86
- **Hospital:** HOSP_86
- **Insurance Provider:** d
- **Billing Amount:** 21784
- **Room Number:** 302
- **Admission Type:** a
- **Discharge Date:** 2021-10-14
- **Medication:** b
- **Test Results:** c


</questionnaire>

<role>
You are a meticulous data analyst AI. Your primary function is to accurately analyze structured data and provide precise, verifiable answers.
</role>

<format>
You will be given a dataset with two key parts:

A 'questions' section: This is your data dictionary or schema. It is the single source of truth for understanding what each field and score means. Refer to it carefully.

A 'responses' section: This contains the raw data from each individual respondent.

To answer the question correctly, you must first use the 'questions' schema to fully understand the context and meaning of the data points within the 'responses'. Do not rely on any prior knowledge outside of this provided data. Base your entire analysis on the information given.
</format>

<output>
Provide your final answer directly and concisely. Output must be the human-readable value, not an option code.

Rules:
- For MCQ fields, map any letter codes in the Responses (case-insensitive) to the corresponding option text from the Questions schema, and output only that text. Do NOT include the letter or both.
  Example: If the schema is ""[MCQ: A. Abnormal B. Inconclusive C. Normal]"" and the response is ""a"", output ""Abnormal"".
- For open-ended fields, output the exact text value.
- If the question asks for a count, provide only the number (e.g., ""42"").
- If the question asks for a list of names or IDs, provide a simple comma-separated list (e.g., ""17, 21, 23"").
- Preserve capitalization exactly as in the schema (e.g., output ""Abnormal"", not ""abnormal"" or ""A"").
</output>

<task>
Find all respondents whose billing amount is higher than the average billing amount for all patients with the same insurance provider.
</task>",,False
case_48,answer_reverse_lookup,List all respondents whose age is longer than the average for their admission type and are over the age of 41.,"# Survey Data

## Questions

- **Age:** What is your age? [Open-ended]
- **Gender:** What is your gender? [MCQ: A. Female B. Male]
- **Blood Type:** What is your blood type? [MCQ: A. A+ B. A- C. AB+ D. AB- E. B+ F. B- G. O+ H. O-]
- **Medical Condition:** What is your medical condition? [MCQ: A. Arthritis B. Asthma C. Cancer D. Diabetes E. Hypertension F. Obesity]
- **Date of Admission:** What is your date of admission? [Open-ended]
- **Doctor:** What is your doctor? [Open-ended]
- **Hospital:** What is your hospital? [Open-ended]
- **Insurance Provider:** What is your insurance provider? [MCQ: A. Aetna B. Blue Cross C. Cigna D. Medicare E. UnitedHealthcare]
- **Billing Amount:** What is your billing amount? [Open-ended]
- **Room Number:** What is your room number? [Open-ended]
- **Admission Type:** What is your admission type? [MCQ: A. Elective B. Emergency C. Urgent]
- **Discharge Date:** What is your discharge date? [Open-ended]
- **Medication:** What is your medication? [MCQ: A. Aspirin B. Ibuprofen C. Lipitor D. Paracetamol E. Penicillin]
- **Test Results:** What is your test results? [MCQ: A. Abnormal B. Inconclusive C. Normal]

## Responses

### Respondent 117

- **Age:** 58
- **Gender:** a
- **Blood Type:** d
- **Medical Condition:** c
- **Date of Admission:** 2021-01-17
- **Doctor:** DOC_117
- **Hospital:** HOSP_117
- **Insurance Provider:** e
- **Billing Amount:** 20228
- **Room Number:** 249
- **Admission Type:** a
- **Discharge Date:** 2021-07-31
- **Medication:** d
- **Test Results:** b

### Respondent 83

- **Age:** 24
- **Gender:** a
- **Blood Type:** a
- **Medical Condition:** a
- **Date of Admission:** 2019-06-15
- **Doctor:** DOC_83
- **Hospital:** HOSP_83
- **Insurance Provider:** e
- **Billing Amount:** 25966
- **Room Number:** 102
- **Admission Type:** c
- **Discharge Date:** 2019-11-29
- **Medication:** e
- **Test Results:** a

### Respondent 49

- **Age:** 72
- **Gender:** b
- **Blood Type:** g
- **Medical Condition:** a
- **Date of Admission:** 2021-10-25
- **Doctor:** DOC_49
- **Hospital:** HOSP_49
- **Insurance Provider:** b
- **Billing Amount:** 25302
- **Room Number:** 130
- **Admission Type:** a
- **Discharge Date:** 2021-12-07
- **Medication:** a
- **Test Results:** c

### Respondent 62

- **Age:** 27
- **Gender:** b
- **Blood Type:** g
- **Medical Condition:** c
- **Date of Admission:** 2024-02-22
- **Doctor:** DOC_62
- **Hospital:** HOSP_62
- **Insurance Provider:** d
- **Billing Amount:** 44437
- **Room Number:** 376
- **Admission Type:** a
- **Discharge Date:** 2024-02-04
- **Medication:** b
- **Test Results:** a

### Respondent 147

- **Age:** 50
- **Gender:** a
- **Blood Type:** f
- **Medical Condition:** a
- **Date of Admission:** 2021-05-06
- **Doctor:** DOC_147
- **Hospital:** HOSP_147
- **Insurance Provider:** d
- **Billing Amount:** 25250
- **Room Number:** 373
- **Admission Type:** b
- **Discharge Date:** 2021-06-06
- **Medication:** e
- **Test Results:** a

### Respondent 99

- **Age:** 67
- **Gender:** b
- **Blood Type:** d
- **Medical Condition:** f
- **Date of Admission:** 2019-07-19
- **Doctor:** DOC_99
- **Hospital:** HOSP_99
- **Insurance Provider:** a
- **Billing Amount:** 2305
- **Room Number:** 418
- **Admission Type:** b
- **Discharge Date:** 2019-07-05
- **Medication:** c
- **Test Results:** b

### Respondent 60

- **Age:** 26
- **Gender:** b
- **Blood Type:** e
- **Medical Condition:** b
- **Date of Admission:** 2024-03-24
- **Doctor:** DOC_60
- **Hospital:** HOSP_60
- **Insurance Provider:** e
- **Billing Amount:** 37735
- **Room Number:** 494
- **Admission Type:** b
- **Discharge Date:** 2024-04-14
- **Medication:** e
- **Test Results:** c

### Respondent 106

- **Age:** 19
- **Gender:** b
- **Blood Type:** e
- **Medical Condition:** c
- **Date of Admission:** 2020-11-18
- **Doctor:** DOC_106
- **Hospital:** HOSP_106
- **Insurance Provider:** e
- **Billing Amount:** 47909
- **Room Number:** 309
- **Admission Type:** a
- **Discharge Date:** 2021-01-16
- **Medication:** c
- **Test Results:** b

### Respondent 12

- **Age:** 20
- **Gender:** b
- **Blood Type:** c
- **Medical Condition:** d
- **Date of Admission:** 2024-03-02
- **Doctor:** DOC_12
- **Hospital:** HOSP_12
- **Insurance Provider:** c
- **Billing Amount:** 45820
- **Room Number:** 428
- **Admission Type:** b
- **Discharge Date:** 2024-05-04
- **Medication:** b
- **Test Results:** b

### Respondent 82

- **Age:** 82
- **Gender:** b
- **Blood Type:** c
- **Medical Condition:** d
- **Date of Admission:** 2020-07-10
- **Doctor:** DOC_82
- **Hospital:** HOSP_82
- **Insurance Provider:** a
- **Billing Amount:** 47985
- **Room Number:** 320
- **Admission Type:** a
- **Discharge Date:** 2020-07-14
- **Medication:** a
- **Test Results:** a

### Respondent 122

- **Age:** 73
- **Gender:** a
- **Blood Type:** h
- **Medical Condition:** d
- **Date of Admission:** 2021-12-26
- **Doctor:** DOC_122
- **Hospital:** HOSP_122
- **Insurance Provider:** c
- **Billing Amount:** 48996
- **Room Number:** 104
- **Admission Type:** b
- **Discharge Date:** 2022-05-20
- **Medication:** c
- **Test Results:** a

","117, 49, 147, 99, 82, 122","<example>
List all respondents with doctor = 'DOC_107' and hospital = 'HOSP_148'.

DATA:

# Survey Data

## Questions

- **Age:** What is your age? [Open-ended]
- **Gender:** What is your gender? [MCQ: A. Female B. Male]
- **Blood Type:** What is your blood type? [MCQ: A. A+ B. A- C. AB+ D. AB- E. B+ F. B- G. O+ H. O-]
- **Medical Condition:** What is your medical condition? [MCQ: A. Arthritis B. Asthma C. Cancer D. Diabetes E. Hypertension F. Obesity]
- **Date of Admission:** What is your date of admission? [Open-ended]
- **Doctor:** What is your doctor? [Open-ended]
- **Hospital:** What is your hospital? [Open-ended]
- **Insurance Provider:** What is your insurance provider? [MCQ: A. Aetna B. Blue Cross C. Cigna D. Medicare E. UnitedHealthcare]
- **Billing Amount:** What is your billing amount? [Open-ended]
- **Room Number:** What is your room number? [Open-ended]
- **Admission Type:** What is your admission type? [MCQ: A. Elective B. Emergency C. Urgent]
- **Discharge Date:** What is your discharge date? [Open-ended]
- **Medication:** What is your medication? [MCQ: A. Aspirin B. Ibuprofen C. Lipitor D. Paracetamol E. Penicillin]
- **Test Results:** What is your test results? [MCQ: A. Abnormal B. Inconclusive C. Normal]

## Responses

### Respondent 117

- **Age:** 58
- **Gender:** a
- **Blood Type:** d
- **Medical Condition:** c
- **Date of Admission:** 2021-01-17
- **Doctor:** DOC_117
- **Hospital:** HOSP_117
- **Insurance Provider:** e
- **Billing Amount:** 20228
- **Room Number:** 249
- **Admission Type:** a
- **Discharge Date:** 2021-07-31
- **Medication:** d
- **Test Results:** b

### Respondent 83

- **Age:** 24
- **Gender:** a
- **Blood Type:** a
- **Medical Condition:** a
- **Date of Admission:** 2019-06-15
- **Doctor:** DOC_83
- **Hospital:** HOSP_83
- **Insurance Provider:** e
- **Billing Amount:** 25966
- **Room Number:** 102
- **Admission Type:** c
- **Discharge Date:** 2019-11-29
- **Medication:** e
- **Test Results:** a

### Respondent 49

- **Age:** 72
- **Gender:** b
- **Blood Type:** g
- **Medical Condition:** a
- **Date of Admission:** 2021-10-25
- **Doctor:** DOC_49
- **Hospital:** HOSP_49
- **Insurance Provider:** b
- **Billing Amount:** 25302
- **Room Number:** 130
- **Admission Type:** a
- **Discharge Date:** 2021-12-07
- **Medication:** a
- **Test Results:** c

### Respondent 62

- **Age:** 27
- **Gender:** b
- **Blood Type:** g
- **Medical Condition:** c
- **Date of Admission:** 2024-02-22
- **Doctor:** DOC_62
- **Hospital:** HOSP_62
- **Insurance Provider:** d
- **Billing Amount:** 44437
- **Room Number:** 376
- **Admission Type:** a
- **Discharge Date:** 2024-02-04
- **Medication:** b
- **Test Results:** a

### Respondent 147

- **Age:** 50
- **Gender:** a
- **Blood Type:** f
- **Medical Condition:** a
- **Date of Admission:** 2021-05-06
- **Doctor:** DOC_147
- **Hospital:** HOSP_147
- **Insurance Provider:** d
- **Billing Amount:** 25250
- **Room Number:** 373
- **Admission Type:** b
- **Discharge Date:** 2021-06-06
- **Medication:** e
- **Test Results:** a

### Respondent 99

- **Age:** 67
- **Gender:** b
- **Blood Type:** d
- **Medical Condition:** f
- **Date of Admission:** 2019-07-19
- **Doctor:** DOC_99
- **Hospital:** HOSP_99
- **Insurance Provider:** a
- **Billing Amount:** 2305
- **Room Number:** 418
- **Admission Type:** b
- **Discharge Date:** 2019-07-05
- **Medication:** c
- **Test Results:** b

### Respondent 60

- **Age:** 26
- **Gender:** b
- **Blood Type:** e
- **Medical Condition:** b
- **Date of Admission:** 2024-03-24
- **Doctor:** DOC_60
- **Hospital:** HOSP_60
- **Insurance Provider:** e
- **Billing Amount:** 37735
- **Room Number:** 494
- **Admission Type:** b
- **Discharge Date:** 2024-04-14
- **Medication:** e
- **Test Results:** c

### Respondent 106

- **Age:** 19
- **Gender:** b
- **Blood Type:** e
- **Medical Condition:** c
- **Date of Admission:** 2020-11-18
- **Doctor:** DOC_106
- **Hospital:** HOSP_106
- **Insurance Provider:** e
- **Billing Amount:** 47909
- **Room Number:** 309
- **Admission Type:** a
- **Discharge Date:** 2021-01-16
- **Medication:** c
- **Test Results:** b

### Respondent 12

- **Age:** 20
- **Gender:** b
- **Blood Type:** c
- **Medical Condition:** d
- **Date of Admission:** 2024-03-02
- **Doctor:** DOC_12
- **Hospital:** HOSP_12
- **Insurance Provider:** c
- **Billing Amount:** 45820
- **Room Number:** 428
- **Admission Type:** b
- **Discharge Date:** 2024-05-04
- **Medication:** b
- **Test Results:** b

### Respondent 82

- **Age:** 82
- **Gender:** b
- **Blood Type:** c
- **Medical Condition:** d
- **Date of Admission:** 2020-07-10
- **Doctor:** DOC_82
- **Hospital:** HOSP_82
- **Insurance Provider:** a
- **Billing Amount:** 47985
- **Room Number:** 320
- **Admission Type:** a
- **Discharge Date:** 2020-07-14
- **Medication:** a
- **Test Results:** a

### Respondent 122

- **Age:** 73
- **Gender:** a
- **Blood Type:** h
- **Medical Condition:** d
- **Date of Admission:** 2021-12-26
- **Doctor:** DOC_122
- **Hospital:** HOSP_122
- **Insurance Provider:** c
- **Billing Amount:** 48996
- **Room Number:** 104
- **Admission Type:** b
- **Discharge Date:** 2022-05-20
- **Medication:** c
- **Test Results:** a



Answer: None
</example>

<questionnaire>
# Survey Data

## Questions

- **Age:** What is your age? [Open-ended]
- **Gender:** What is your gender? [MCQ: A. Female B. Male]
- **Blood Type:** What is your blood type? [MCQ: A. A+ B. A- C. AB+ D. AB- E. B+ F. B- G. O+ H. O-]
- **Medical Condition:** What is your medical condition? [MCQ: A. Arthritis B. Asthma C. Cancer D. Diabetes E. Hypertension F. Obesity]
- **Date of Admission:** What is your date of admission? [Open-ended]
- **Doctor:** What is your doctor? [Open-ended]
- **Hospital:** What is your hospital? [Open-ended]
- **Insurance Provider:** What is your insurance provider? [MCQ: A. Aetna B. Blue Cross C. Cigna D. Medicare E. UnitedHealthcare]
- **Billing Amount:** What is your billing amount? [Open-ended]
- **Room Number:** What is your room number? [Open-ended]
- **Admission Type:** What is your admission type? [MCQ: A. Elective B. Emergency C. Urgent]
- **Discharge Date:** What is your discharge date? [Open-ended]
- **Medication:** What is your medication? [MCQ: A. Aspirin B. Ibuprofen C. Lipitor D. Paracetamol E. Penicillin]
- **Test Results:** What is your test results? [MCQ: A. Abnormal B. Inconclusive C. Normal]

## Responses

### Respondent 117

- **Age:** 58
- **Gender:** a
- **Blood Type:** d
- **Medical Condition:** c
- **Date of Admission:** 2021-01-17
- **Doctor:** DOC_117
- **Hospital:** HOSP_117
- **Insurance Provider:** e
- **Billing Amount:** 20228
- **Room Number:** 249
- **Admission Type:** a
- **Discharge Date:** 2021-07-31
- **Medication:** d
- **Test Results:** b

### Respondent 83

- **Age:** 24
- **Gender:** a
- **Blood Type:** a
- **Medical Condition:** a
- **Date of Admission:** 2019-06-15
- **Doctor:** DOC_83
- **Hospital:** HOSP_83
- **Insurance Provider:** e
- **Billing Amount:** 25966
- **Room Number:** 102
- **Admission Type:** c
- **Discharge Date:** 2019-11-29
- **Medication:** e
- **Test Results:** a

### Respondent 49

- **Age:** 72
- **Gender:** b
- **Blood Type:** g
- **Medical Condition:** a
- **Date of Admission:** 2021-10-25
- **Doctor:** DOC_49
- **Hospital:** HOSP_49
- **Insurance Provider:** b
- **Billing Amount:** 25302
- **Room Number:** 130
- **Admission Type:** a
- **Discharge Date:** 2021-12-07
- **Medication:** a
- **Test Results:** c

### Respondent 62

- **Age:** 27
- **Gender:** b
- **Blood Type:** g
- **Medical Condition:** c
- **Date of Admission:** 2024-02-22
- **Doctor:** DOC_62
- **Hospital:** HOSP_62
- **Insurance Provider:** d
- **Billing Amount:** 44437
- **Room Number:** 376
- **Admission Type:** a
- **Discharge Date:** 2024-02-04
- **Medication:** b
- **Test Results:** a

### Respondent 147

- **Age:** 50
- **Gender:** a
- **Blood Type:** f
- **Medical Condition:** a
- **Date of Admission:** 2021-05-06
- **Doctor:** DOC_147
- **Hospital:** HOSP_147
- **Insurance Provider:** d
- **Billing Amount:** 25250
- **Room Number:** 373
- **Admission Type:** b
- **Discharge Date:** 2021-06-06
- **Medication:** e
- **Test Results:** a

### Respondent 99

- **Age:** 67
- **Gender:** b
- **Blood Type:** d
- **Medical Condition:** f
- **Date of Admission:** 2019-07-19
- **Doctor:** DOC_99
- **Hospital:** HOSP_99
- **Insurance Provider:** a
- **Billing Amount:** 2305
- **Room Number:** 418
- **Admission Type:** b
- **Discharge Date:** 2019-07-05
- **Medication:** c
- **Test Results:** b

### Respondent 60

- **Age:** 26
- **Gender:** b
- **Blood Type:** e
- **Medical Condition:** b
- **Date of Admission:** 2024-03-24
- **Doctor:** DOC_60
- **Hospital:** HOSP_60
- **Insurance Provider:** e
- **Billing Amount:** 37735
- **Room Number:** 494
- **Admission Type:** b
- **Discharge Date:** 2024-04-14
- **Medication:** e
- **Test Results:** c

### Respondent 106

- **Age:** 19
- **Gender:** b
- **Blood Type:** e
- **Medical Condition:** c
- **Date of Admission:** 2020-11-18
- **Doctor:** DOC_106
- **Hospital:** HOSP_106
- **Insurance Provider:** e
- **Billing Amount:** 47909
- **Room Number:** 309
- **Admission Type:** a
- **Discharge Date:** 2021-01-16
- **Medication:** c
- **Test Results:** b

### Respondent 12

- **Age:** 20
- **Gender:** b
- **Blood Type:** c
- **Medical Condition:** d
- **Date of Admission:** 2024-03-02
- **Doctor:** DOC_12
- **Hospital:** HOSP_12
- **Insurance Provider:** c
- **Billing Amount:** 45820
- **Room Number:** 428
- **Admission Type:** b
- **Discharge Date:** 2024-05-04
- **Medication:** b
- **Test Results:** b

### Respondent 82

- **Age:** 82
- **Gender:** b
- **Blood Type:** c
- **Medical Condition:** d
- **Date of Admission:** 2020-07-10
- **Doctor:** DOC_82
- **Hospital:** HOSP_82
- **Insurance Provider:** a
- **Billing Amount:** 47985
- **Room Number:** 320
- **Admission Type:** a
- **Discharge Date:** 2020-07-14
- **Medication:** a
- **Test Results:** a

### Respondent 122

- **Age:** 73
- **Gender:** a
- **Blood Type:** h
- **Medical Condition:** d
- **Date of Admission:** 2021-12-26
- **Doctor:** DOC_122
- **Hospital:** HOSP_122
- **Insurance Provider:** c
- **Billing Amount:** 48996
- **Room Number:** 104
- **Admission Type:** b
- **Discharge Date:** 2022-05-20
- **Medication:** c
- **Test Results:** a


</questionnaire>

<role>
You are a meticulous data analyst AI. Your primary function is to accurately analyze structured data and provide precise, verifiable answers.
</role>

<format>
You will be given a dataset with two key parts:

A 'questions' section: This is your data dictionary or schema. It is the single source of truth for understanding what each field and score means. Refer to it carefully.

A 'responses' section: This contains the raw data from each individual respondent.

To answer the question correctly, you must first use the 'questions' schema to fully understand the context and meaning of the data points within the 'responses'. Do not rely on any prior knowledge outside of this provided data. Base your entire analysis on the information given.
</format>

<output>
Provide your final answer directly and concisely. Output must be the human-readable value, not an option code.

Rules:
- For MCQ fields, map any letter codes in the Responses (case-insensitive) to the corresponding option text from the Questions schema, and output only that text. Do NOT include the letter or both.
  Example: If the schema is ""[MCQ: A. Abnormal B. Inconclusive C. Normal]"" and the response is ""a"", output ""Abnormal"".
- For open-ended fields, output the exact text value.
- If the question asks for a count, provide only the number (e.g., ""42"").
- If the question asks for a list of names or IDs, provide a simple comma-separated list (e.g., ""17, 21, 23"").
- Preserve capitalization exactly as in the schema (e.g., output ""Abnormal"", not ""abnormal"" or ""A"").
</output>

<task>
List all respondents whose age is longer than the average for their admission type and are over the age of 41.
</task>",,False
case_49,answer_reverse_lookup,Find all respondents whose billing amount is higher than the average billing amount for all patients with the same insurance provider.,"# Survey Data

## Questions

- **Age:** What is your age? [Open-ended]
- **Gender:** What is your gender? [MCQ: A. Female B. Male]
- **Blood Type:** What is your blood type? [MCQ: A. A+ B. A- C. AB+ D. AB- E. B+ F. B- G. O+ H. O-]
- **Medical Condition:** What is your medical condition? [MCQ: A. Arthritis B. Asthma C. Cancer D. Diabetes E. Hypertension F. Obesity]
- **Date of Admission:** What is your date of admission? [Open-ended]
- **Doctor:** What is your doctor? [Open-ended]
- **Hospital:** What is your hospital? [Open-ended]
- **Insurance Provider:** What is your insurance provider? [MCQ: A. Aetna B. Blue Cross C. Cigna D. Medicare E. UnitedHealthcare]
- **Billing Amount:** What is your billing amount? [Open-ended]
- **Room Number:** What is your room number? [Open-ended]
- **Admission Type:** What is your admission type? [MCQ: A. Elective B. Emergency C. Urgent]
- **Discharge Date:** What is your discharge date? [Open-ended]
- **Medication:** What is your medication? [MCQ: A. Aspirin B. Ibuprofen C. Lipitor D. Paracetamol E. Penicillin]
- **Test Results:** What is your test results? [MCQ: A. Abnormal B. Inconclusive C. Normal]

## Responses

### Respondent 99

- **Age:** 67
- **Gender:** b
- **Blood Type:** d
- **Medical Condition:** f
- **Date of Admission:** 2019-07-19
- **Doctor:** DOC_99
- **Hospital:** HOSP_99
- **Insurance Provider:** a
- **Billing Amount:** 2305
- **Room Number:** 418
- **Admission Type:** b
- **Discharge Date:** 2019-07-05
- **Medication:** c
- **Test Results:** b

### Respondent 39

- **Age:** 27
- **Gender:** b
- **Blood Type:** d
- **Medical Condition:** d
- **Date of Admission:** 2021-10-08
- **Doctor:** DOC_39
- **Hospital:** HOSP_39
- **Insurance Provider:** a
- **Billing Amount:** 45453
- **Room Number:** 255
- **Admission Type:** c
- **Discharge Date:** 2021-10-05
- **Medication:** e
- **Test Results:** a

### Respondent 127

- **Age:** 63
- **Gender:** b
- **Blood Type:** f
- **Medical Condition:** b
- **Date of Admission:** 2020-08-21
- **Doctor:** DOC_127
- **Hospital:** HOSP_127
- **Insurance Provider:** a
- **Billing Amount:** 35634
- **Room Number:** 157
- **Admission Type:** b
- **Discharge Date:** 2020-10-08
- **Medication:** e
- **Test Results:** b

### Respondent 10

- **Age:** 84
- **Gender:** b
- **Blood Type:** a
- **Medical Condition:** b
- **Date of Admission:** 2022-08-22
- **Doctor:** DOC_10
- **Hospital:** HOSP_10
- **Insurance Provider:** c
- **Billing Amount:** 23762
- **Room Number:** 178
- **Admission Type:** c
- **Discharge Date:** 2022-11-02
- **Medication:** b
- **Test Results:** b

### Respondent 33

- **Age:** 67
- **Gender:** b
- **Blood Type:** e
- **Medical Condition:** d
- **Date of Admission:** 2022-06-24
- **Doctor:** DOC_33
- **Hospital:** HOSP_33
- **Insurance Provider:** a
- **Billing Amount:** 8321
- **Room Number:** 408
- **Admission Type:** b
- **Discharge Date:** 2022-07-25
- **Medication:** a
- **Test Results:** c

### Respondent 129

- **Age:** 35
- **Gender:** a
- **Blood Type:** e
- **Medical Condition:** d
- **Date of Admission:** 2021-06-09
- **Doctor:** DOC_129
- **Hospital:** HOSP_129
- **Insurance Provider:** b
- **Billing Amount:** 30358
- **Room Number:** 318
- **Admission Type:** a
- **Discharge Date:** 2021-11-04
- **Medication:** b
- **Test Results:** a

### Respondent 85

- **Age:** 67
- **Gender:** b
- **Blood Type:** g
- **Medical Condition:** c
- **Date of Admission:** 2022-10-29
- **Doctor:** DOC_85
- **Hospital:** HOSP_85
- **Insurance Provider:** d
- **Billing Amount:** 44940
- **Room Number:** 293
- **Admission Type:** b
- **Discharge Date:** 2022-11-20
- **Medication:** e
- **Test Results:** c

### Respondent 26

- **Age:** 48
- **Gender:** a
- **Blood Type:** c
- **Medical Condition:** d
- **Date of Admission:** 2020-05-04
- **Doctor:** DOC_26
- **Hospital:** HOSP_26
- **Insurance Provider:** d
- **Billing Amount:** 23737
- **Room Number:** 241
- **Admission Type:** a
- **Discharge Date:** 2020-07-14
- **Medication:** b
- **Test Results:** a

### Respondent 113

- **Age:** 36
- **Gender:** b
- **Blood Type:** b
- **Medical Condition:** e
- **Date of Admission:** 2021-05-14
- **Doctor:** DOC_113
- **Hospital:** HOSP_113
- **Insurance Provider:** b
- **Billing Amount:** 19328
- **Room Number:** 268
- **Admission Type:** a
- **Discharge Date:** 2021-03-20
- **Medication:** a
- **Test Results:** a

### Respondent 135

- **Age:** 52
- **Gender:** a
- **Blood Type:** h
- **Medical Condition:** b
- **Date of Admission:** 2023-11-12
- **Doctor:** DOC_135
- **Hospital:** HOSP_135
- **Insurance Provider:** b
- **Billing Amount:** 27360
- **Room Number:** 405
- **Admission Type:** a
- **Discharge Date:** 2023-06-01
- **Medication:** b
- **Test Results:** c

### Respondent 117

- **Age:** 58
- **Gender:** a
- **Blood Type:** d
- **Medical Condition:** c
- **Date of Admission:** 2021-01-17
- **Doctor:** DOC_117
- **Hospital:** HOSP_117
- **Insurance Provider:** e
- **Billing Amount:** 20228
- **Room Number:** 249
- **Admission Type:** a
- **Discharge Date:** 2021-07-31
- **Medication:** d
- **Test Results:** b

","39, 127, 129, 85, 135","<example>
List all respondents with doctor = 'DOC_107' and hospital = 'HOSP_148'.

DATA:

# Survey Data

## Questions

- **Age:** What is your age? [Open-ended]
- **Gender:** What is your gender? [MCQ: A. Female B. Male]
- **Blood Type:** What is your blood type? [MCQ: A. A+ B. A- C. AB+ D. AB- E. B+ F. B- G. O+ H. O-]
- **Medical Condition:** What is your medical condition? [MCQ: A. Arthritis B. Asthma C. Cancer D. Diabetes E. Hypertension F. Obesity]
- **Date of Admission:** What is your date of admission? [Open-ended]
- **Doctor:** What is your doctor? [Open-ended]
- **Hospital:** What is your hospital? [Open-ended]
- **Insurance Provider:** What is your insurance provider? [MCQ: A. Aetna B. Blue Cross C. Cigna D. Medicare E. UnitedHealthcare]
- **Billing Amount:** What is your billing amount? [Open-ended]
- **Room Number:** What is your room number? [Open-ended]
- **Admission Type:** What is your admission type? [MCQ: A. Elective B. Emergency C. Urgent]
- **Discharge Date:** What is your discharge date? [Open-ended]
- **Medication:** What is your medication? [MCQ: A. Aspirin B. Ibuprofen C. Lipitor D. Paracetamol E. Penicillin]
- **Test Results:** What is your test results? [MCQ: A. Abnormal B. Inconclusive C. Normal]

## Responses

### Respondent 99

- **Age:** 67
- **Gender:** b
- **Blood Type:** d
- **Medical Condition:** f
- **Date of Admission:** 2019-07-19
- **Doctor:** DOC_99
- **Hospital:** HOSP_99
- **Insurance Provider:** a
- **Billing Amount:** 2305
- **Room Number:** 418
- **Admission Type:** b
- **Discharge Date:** 2019-07-05
- **Medication:** c
- **Test Results:** b

### Respondent 39

- **Age:** 27
- **Gender:** b
- **Blood Type:** d
- **Medical Condition:** d
- **Date of Admission:** 2021-10-08
- **Doctor:** DOC_39
- **Hospital:** HOSP_39
- **Insurance Provider:** a
- **Billing Amount:** 45453
- **Room Number:** 255
- **Admission Type:** c
- **Discharge Date:** 2021-10-05
- **Medication:** e
- **Test Results:** a

### Respondent 127

- **Age:** 63
- **Gender:** b
- **Blood Type:** f
- **Medical Condition:** b
- **Date of Admission:** 2020-08-21
- **Doctor:** DOC_127
- **Hospital:** HOSP_127
- **Insurance Provider:** a
- **Billing Amount:** 35634
- **Room Number:** 157
- **Admission Type:** b
- **Discharge Date:** 2020-10-08
- **Medication:** e
- **Test Results:** b

### Respondent 10

- **Age:** 84
- **Gender:** b
- **Blood Type:** a
- **Medical Condition:** b
- **Date of Admission:** 2022-08-22
- **Doctor:** DOC_10
- **Hospital:** HOSP_10
- **Insurance Provider:** c
- **Billing Amount:** 23762
- **Room Number:** 178
- **Admission Type:** c
- **Discharge Date:** 2022-11-02
- **Medication:** b
- **Test Results:** b

### Respondent 33

- **Age:** 67
- **Gender:** b
- **Blood Type:** e
- **Medical Condition:** d
- **Date of Admission:** 2022-06-24
- **Doctor:** DOC_33
- **Hospital:** HOSP_33
- **Insurance Provider:** a
- **Billing Amount:** 8321
- **Room Number:** 408
- **Admission Type:** b
- **Discharge Date:** 2022-07-25
- **Medication:** a
- **Test Results:** c

### Respondent 129

- **Age:** 35
- **Gender:** a
- **Blood Type:** e
- **Medical Condition:** d
- **Date of Admission:** 2021-06-09
- **Doctor:** DOC_129
- **Hospital:** HOSP_129
- **Insurance Provider:** b
- **Billing Amount:** 30358
- **Room Number:** 318
- **Admission Type:** a
- **Discharge Date:** 2021-11-04
- **Medication:** b
- **Test Results:** a

### Respondent 85

- **Age:** 67
- **Gender:** b
- **Blood Type:** g
- **Medical Condition:** c
- **Date of Admission:** 2022-10-29
- **Doctor:** DOC_85
- **Hospital:** HOSP_85
- **Insurance Provider:** d
- **Billing Amount:** 44940
- **Room Number:** 293
- **Admission Type:** b
- **Discharge Date:** 2022-11-20
- **Medication:** e
- **Test Results:** c

### Respondent 26

- **Age:** 48
- **Gender:** a
- **Blood Type:** c
- **Medical Condition:** d
- **Date of Admission:** 2020-05-04
- **Doctor:** DOC_26
- **Hospital:** HOSP_26
- **Insurance Provider:** d
- **Billing Amount:** 23737
- **Room Number:** 241
- **Admission Type:** a
- **Discharge Date:** 2020-07-14
- **Medication:** b
- **Test Results:** a

### Respondent 113

- **Age:** 36
- **Gender:** b
- **Blood Type:** b
- **Medical Condition:** e
- **Date of Admission:** 2021-05-14
- **Doctor:** DOC_113
- **Hospital:** HOSP_113
- **Insurance Provider:** b
- **Billing Amount:** 19328
- **Room Number:** 268
- **Admission Type:** a
- **Discharge Date:** 2021-03-20
- **Medication:** a
- **Test Results:** a

### Respondent 135

- **Age:** 52
- **Gender:** a
- **Blood Type:** h
- **Medical Condition:** b
- **Date of Admission:** 2023-11-12
- **Doctor:** DOC_135
- **Hospital:** HOSP_135
- **Insurance Provider:** b
- **Billing Amount:** 27360
- **Room Number:** 405
- **Admission Type:** a
- **Discharge Date:** 2023-06-01
- **Medication:** b
- **Test Results:** c

### Respondent 117

- **Age:** 58
- **Gender:** a
- **Blood Type:** d
- **Medical Condition:** c
- **Date of Admission:** 2021-01-17
- **Doctor:** DOC_117
- **Hospital:** HOSP_117
- **Insurance Provider:** e
- **Billing Amount:** 20228
- **Room Number:** 249
- **Admission Type:** a
- **Discharge Date:** 2021-07-31
- **Medication:** d
- **Test Results:** b



Answer: None
</example>

<questionnaire>
# Survey Data

## Questions

- **Age:** What is your age? [Open-ended]
- **Gender:** What is your gender? [MCQ: A. Female B. Male]
- **Blood Type:** What is your blood type? [MCQ: A. A+ B. A- C. AB+ D. AB- E. B+ F. B- G. O+ H. O-]
- **Medical Condition:** What is your medical condition? [MCQ: A. Arthritis B. Asthma C. Cancer D. Diabetes E. Hypertension F. Obesity]
- **Date of Admission:** What is your date of admission? [Open-ended]
- **Doctor:** What is your doctor? [Open-ended]
- **Hospital:** What is your hospital? [Open-ended]
- **Insurance Provider:** What is your insurance provider? [MCQ: A. Aetna B. Blue Cross C. Cigna D. Medicare E. UnitedHealthcare]
- **Billing Amount:** What is your billing amount? [Open-ended]
- **Room Number:** What is your room number? [Open-ended]
- **Admission Type:** What is your admission type? [MCQ: A. Elective B. Emergency C. Urgent]
- **Discharge Date:** What is your discharge date? [Open-ended]
- **Medication:** What is your medication? [MCQ: A. Aspirin B. Ibuprofen C. Lipitor D. Paracetamol E. Penicillin]
- **Test Results:** What is your test results? [MCQ: A. Abnormal B. Inconclusive C. Normal]

## Responses

### Respondent 99

- **Age:** 67
- **Gender:** b
- **Blood Type:** d
- **Medical Condition:** f
- **Date of Admission:** 2019-07-19
- **Doctor:** DOC_99
- **Hospital:** HOSP_99
- **Insurance Provider:** a
- **Billing Amount:** 2305
- **Room Number:** 418
- **Admission Type:** b
- **Discharge Date:** 2019-07-05
- **Medication:** c
- **Test Results:** b

### Respondent 39

- **Age:** 27
- **Gender:** b
- **Blood Type:** d
- **Medical Condition:** d
- **Date of Admission:** 2021-10-08
- **Doctor:** DOC_39
- **Hospital:** HOSP_39
- **Insurance Provider:** a
- **Billing Amount:** 45453
- **Room Number:** 255
- **Admission Type:** c
- **Discharge Date:** 2021-10-05
- **Medication:** e
- **Test Results:** a

### Respondent 127

- **Age:** 63
- **Gender:** b
- **Blood Type:** f
- **Medical Condition:** b
- **Date of Admission:** 2020-08-21
- **Doctor:** DOC_127
- **Hospital:** HOSP_127
- **Insurance Provider:** a
- **Billing Amount:** 35634
- **Room Number:** 157
- **Admission Type:** b
- **Discharge Date:** 2020-10-08
- **Medication:** e
- **Test Results:** b

### Respondent 10

- **Age:** 84
- **Gender:** b
- **Blood Type:** a
- **Medical Condition:** b
- **Date of Admission:** 2022-08-22
- **Doctor:** DOC_10
- **Hospital:** HOSP_10
- **Insurance Provider:** c
- **Billing Amount:** 23762
- **Room Number:** 178
- **Admission Type:** c
- **Discharge Date:** 2022-11-02
- **Medication:** b
- **Test Results:** b

### Respondent 33

- **Age:** 67
- **Gender:** b
- **Blood Type:** e
- **Medical Condition:** d
- **Date of Admission:** 2022-06-24
- **Doctor:** DOC_33
- **Hospital:** HOSP_33
- **Insurance Provider:** a
- **Billing Amount:** 8321
- **Room Number:** 408
- **Admission Type:** b
- **Discharge Date:** 2022-07-25
- **Medication:** a
- **Test Results:** c

### Respondent 129

- **Age:** 35
- **Gender:** a
- **Blood Type:** e
- **Medical Condition:** d
- **Date of Admission:** 2021-06-09
- **Doctor:** DOC_129
- **Hospital:** HOSP_129
- **Insurance Provider:** b
- **Billing Amount:** 30358
- **Room Number:** 318
- **Admission Type:** a
- **Discharge Date:** 2021-11-04
- **Medication:** b
- **Test Results:** a

### Respondent 85

- **Age:** 67
- **Gender:** b
- **Blood Type:** g
- **Medical Condition:** c
- **Date of Admission:** 2022-10-29
- **Doctor:** DOC_85
- **Hospital:** HOSP_85
- **Insurance Provider:** d
- **Billing Amount:** 44940
- **Room Number:** 293
- **Admission Type:** b
- **Discharge Date:** 2022-11-20
- **Medication:** e
- **Test Results:** c

### Respondent 26

- **Age:** 48
- **Gender:** a
- **Blood Type:** c
- **Medical Condition:** d
- **Date of Admission:** 2020-05-04
- **Doctor:** DOC_26
- **Hospital:** HOSP_26
- **Insurance Provider:** d
- **Billing Amount:** 23737
- **Room Number:** 241
- **Admission Type:** a
- **Discharge Date:** 2020-07-14
- **Medication:** b
- **Test Results:** a

### Respondent 113

- **Age:** 36
- **Gender:** b
- **Blood Type:** b
- **Medical Condition:** e
- **Date of Admission:** 2021-05-14
- **Doctor:** DOC_113
- **Hospital:** HOSP_113
- **Insurance Provider:** b
- **Billing Amount:** 19328
- **Room Number:** 268
- **Admission Type:** a
- **Discharge Date:** 2021-03-20
- **Medication:** a
- **Test Results:** a

### Respondent 135

- **Age:** 52
- **Gender:** a
- **Blood Type:** h
- **Medical Condition:** b
- **Date of Admission:** 2023-11-12
- **Doctor:** DOC_135
- **Hospital:** HOSP_135
- **Insurance Provider:** b
- **Billing Amount:** 27360
- **Room Number:** 405
- **Admission Type:** a
- **Discharge Date:** 2023-06-01
- **Medication:** b
- **Test Results:** c

### Respondent 117

- **Age:** 58
- **Gender:** a
- **Blood Type:** d
- **Medical Condition:** c
- **Date of Admission:** 2021-01-17
- **Doctor:** DOC_117
- **Hospital:** HOSP_117
- **Insurance Provider:** e
- **Billing Amount:** 20228
- **Room Number:** 249
- **Admission Type:** a
- **Discharge Date:** 2021-07-31
- **Medication:** d
- **Test Results:** b


</questionnaire>

<role>
You are a meticulous data analyst AI. Your primary function is to accurately analyze structured data and provide precise, verifiable answers.
</role>

<format>
You will be given a dataset with two key parts:

A 'questions' section: This is your data dictionary or schema. It is the single source of truth for understanding what each field and score means. Refer to it carefully.

A 'responses' section: This contains the raw data from each individual respondent.

To answer the question correctly, you must first use the 'questions' schema to fully understand the context and meaning of the data points within the 'responses'. Do not rely on any prior knowledge outside of this provided data. Base your entire analysis on the information given.
</format>

<output>
Provide your final answer directly and concisely. Output must be the human-readable value, not an option code.

Rules:
- For MCQ fields, map any letter codes in the Responses (case-insensitive) to the corresponding option text from the Questions schema, and output only that text. Do NOT include the letter or both.
  Example: If the schema is ""[MCQ: A. Abnormal B. Inconclusive C. Normal]"" and the response is ""a"", output ""Abnormal"".
- For open-ended fields, output the exact text value.
- If the question asks for a count, provide only the number (e.g., ""42"").
- If the question asks for a list of names or IDs, provide a simple comma-separated list (e.g., ""17, 21, 23"").
- Preserve capitalization exactly as in the schema (e.g., output ""Abnormal"", not ""abnormal"" or ""A"").
</output>

<task>
Find all respondents whose billing amount is higher than the average billing amount for all patients with the same insurance provider.
</task>",,False
case_50,answer_reverse_lookup,Find all respondents whose billing amount is higher than the average billing amount for all patients with the same insurance provider.,"# Survey Data

## Questions

- **Age:** What is your age? [Open-ended]
- **Gender:** What is your gender? [MCQ: A. Female B. Male]
- **Blood Type:** What is your blood type? [MCQ: A. A+ B. A- C. AB+ D. AB- E. B+ F. B- G. O+ H. O-]
- **Medical Condition:** What is your medical condition? [MCQ: A. Arthritis B. Asthma C. Cancer D. Diabetes E. Hypertension F. Obesity]
- **Date of Admission:** What is your date of admission? [Open-ended]
- **Doctor:** What is your doctor? [Open-ended]
- **Hospital:** What is your hospital? [Open-ended]
- **Insurance Provider:** What is your insurance provider? [MCQ: A. Aetna B. Blue Cross C. Cigna D. Medicare E. UnitedHealthcare]
- **Billing Amount:** What is your billing amount? [Open-ended]
- **Room Number:** What is your room number? [Open-ended]
- **Admission Type:** What is your admission type? [MCQ: A. Elective B. Emergency C. Urgent]
- **Discharge Date:** What is your discharge date? [Open-ended]
- **Medication:** What is your medication? [MCQ: A. Aspirin B. Ibuprofen C. Lipitor D. Paracetamol E. Penicillin]
- **Test Results:** What is your test results? [MCQ: A. Abnormal B. Inconclusive C. Normal]

## Responses

### Respondent 37

- **Age:** 31
- **Gender:** a
- **Blood Type:** a
- **Medical Condition:** d
- **Date of Admission:** 2022-05-12
- **Doctor:** DOC_37
- **Hospital:** HOSP_37
- **Insurance Provider:** e
- **Billing Amount:** 12577
- **Room Number:** 162
- **Admission Type:** b
- **Discharge Date:** 2022-07-18
- **Medication:** c
- **Test Results:** a

### Respondent 105

- **Age:** 54
- **Gender:** b
- **Blood Type:** e
- **Medical Condition:** c
- **Date of Admission:** 2023-05-18
- **Doctor:** DOC_105
- **Hospital:** HOSP_105
- **Insurance Provider:** e
- **Billing Amount:** 29504
- **Room Number:** 233
- **Admission Type:** a
- **Discharge Date:** 2023-06-03
- **Medication:** b
- **Test Results:** a

### Respondent 40

- **Age:** 37
- **Gender:** a
- **Blood Type:** c
- **Medical Condition:** b
- **Date of Admission:** 2020-03-02
- **Doctor:** DOC_40
- **Hospital:** HOSP_40
- **Insurance Provider:** d
- **Billing Amount:** 17696
- **Room Number:** 380
- **Admission Type:** a
- **Discharge Date:** 2020-04-02
- **Medication:** b
- **Test Results:** a

### Respondent 20

- **Age:** 65
- **Gender:** a
- **Blood Type:** b
- **Medical Condition:** b
- **Date of Admission:** 2023-05-12
- **Doctor:** DOC_20
- **Hospital:** HOSP_20
- **Insurance Provider:** d
- **Billing Amount:** -503
- **Room Number:** 114
- **Admission Type:** a
- **Discharge Date:** 2023-08-11
- **Medication:** a
- **Test Results:** c

### Respondent 121

- **Age:** 76
- **Gender:** a
- **Blood Type:** f
- **Medical Condition:** e
- **Date of Admission:** 2021-10-27
- **Doctor:** DOC_121
- **Hospital:** HOSP_121
- **Insurance Provider:** c
- **Billing Amount:** 50119
- **Room Number:** 465
- **Admission Type:** b
- **Discharge Date:** 2021-11-21
- **Medication:** c
- **Test Results:** c

","105, 40","<example>
List all respondents with doctor = 'DOC_107' and hospital = 'HOSP_148'.

DATA:

# Survey Data

## Questions

- **Age:** What is your age? [Open-ended]
- **Gender:** What is your gender? [MCQ: A. Female B. Male]
- **Blood Type:** What is your blood type? [MCQ: A. A+ B. A- C. AB+ D. AB- E. B+ F. B- G. O+ H. O-]
- **Medical Condition:** What is your medical condition? [MCQ: A. Arthritis B. Asthma C. Cancer D. Diabetes E. Hypertension F. Obesity]
- **Date of Admission:** What is your date of admission? [Open-ended]
- **Doctor:** What is your doctor? [Open-ended]
- **Hospital:** What is your hospital? [Open-ended]
- **Insurance Provider:** What is your insurance provider? [MCQ: A. Aetna B. Blue Cross C. Cigna D. Medicare E. UnitedHealthcare]
- **Billing Amount:** What is your billing amount? [Open-ended]
- **Room Number:** What is your room number? [Open-ended]
- **Admission Type:** What is your admission type? [MCQ: A. Elective B. Emergency C. Urgent]
- **Discharge Date:** What is your discharge date? [Open-ended]
- **Medication:** What is your medication? [MCQ: A. Aspirin B. Ibuprofen C. Lipitor D. Paracetamol E. Penicillin]
- **Test Results:** What is your test results? [MCQ: A. Abnormal B. Inconclusive C. Normal]

## Responses

### Respondent 37

- **Age:** 31
- **Gender:** a
- **Blood Type:** a
- **Medical Condition:** d
- **Date of Admission:** 2022-05-12
- **Doctor:** DOC_37
- **Hospital:** HOSP_37
- **Insurance Provider:** e
- **Billing Amount:** 12577
- **Room Number:** 162
- **Admission Type:** b
- **Discharge Date:** 2022-07-18
- **Medication:** c
- **Test Results:** a

### Respondent 105

- **Age:** 54
- **Gender:** b
- **Blood Type:** e
- **Medical Condition:** c
- **Date of Admission:** 2023-05-18
- **Doctor:** DOC_105
- **Hospital:** HOSP_105
- **Insurance Provider:** e
- **Billing Amount:** 29504
- **Room Number:** 233
- **Admission Type:** a
- **Discharge Date:** 2023-06-03
- **Medication:** b
- **Test Results:** a

### Respondent 40

- **Age:** 37
- **Gender:** a
- **Blood Type:** c
- **Medical Condition:** b
- **Date of Admission:** 2020-03-02
- **Doctor:** DOC_40
- **Hospital:** HOSP_40
- **Insurance Provider:** d
- **Billing Amount:** 17696
- **Room Number:** 380
- **Admission Type:** a
- **Discharge Date:** 2020-04-02
- **Medication:** b
- **Test Results:** a

### Respondent 20

- **Age:** 65
- **Gender:** a
- **Blood Type:** b
- **Medical Condition:** b
- **Date of Admission:** 2023-05-12
- **Doctor:** DOC_20
- **Hospital:** HOSP_20
- **Insurance Provider:** d
- **Billing Amount:** -503
- **Room Number:** 114
- **Admission Type:** a
- **Discharge Date:** 2023-08-11
- **Medication:** a
- **Test Results:** c

### Respondent 121

- **Age:** 76
- **Gender:** a
- **Blood Type:** f
- **Medical Condition:** e
- **Date of Admission:** 2021-10-27
- **Doctor:** DOC_121
- **Hospital:** HOSP_121
- **Insurance Provider:** c
- **Billing Amount:** 50119
- **Room Number:** 465
- **Admission Type:** b
- **Discharge Date:** 2021-11-21
- **Medication:** c
- **Test Results:** c



Answer: None
</example>

<questionnaire>
# Survey Data

## Questions

- **Age:** What is your age? [Open-ended]
- **Gender:** What is your gender? [MCQ: A. Female B. Male]
- **Blood Type:** What is your blood type? [MCQ: A. A+ B. A- C. AB+ D. AB- E. B+ F. B- G. O+ H. O-]
- **Medical Condition:** What is your medical condition? [MCQ: A. Arthritis B. Asthma C. Cancer D. Diabetes E. Hypertension F. Obesity]
- **Date of Admission:** What is your date of admission? [Open-ended]
- **Doctor:** What is your doctor? [Open-ended]
- **Hospital:** What is your hospital? [Open-ended]
- **Insurance Provider:** What is your insurance provider? [MCQ: A. Aetna B. Blue Cross C. Cigna D. Medicare E. UnitedHealthcare]
- **Billing Amount:** What is your billing amount? [Open-ended]
- **Room Number:** What is your room number? [Open-ended]
- **Admission Type:** What is your admission type? [MCQ: A. Elective B. Emergency C. Urgent]
- **Discharge Date:** What is your discharge date? [Open-ended]
- **Medication:** What is your medication? [MCQ: A. Aspirin B. Ibuprofen C. Lipitor D. Paracetamol E. Penicillin]
- **Test Results:** What is your test results? [MCQ: A. Abnormal B. Inconclusive C. Normal]

## Responses

### Respondent 37

- **Age:** 31
- **Gender:** a
- **Blood Type:** a
- **Medical Condition:** d
- **Date of Admission:** 2022-05-12
- **Doctor:** DOC_37
- **Hospital:** HOSP_37
- **Insurance Provider:** e
- **Billing Amount:** 12577
- **Room Number:** 162
- **Admission Type:** b
- **Discharge Date:** 2022-07-18
- **Medication:** c
- **Test Results:** a

### Respondent 105

- **Age:** 54
- **Gender:** b
- **Blood Type:** e
- **Medical Condition:** c
- **Date of Admission:** 2023-05-18
- **Doctor:** DOC_105
- **Hospital:** HOSP_105
- **Insurance Provider:** e
- **Billing Amount:** 29504
- **Room Number:** 233
- **Admission Type:** a
- **Discharge Date:** 2023-06-03
- **Medication:** b
- **Test Results:** a

### Respondent 40

- **Age:** 37
- **Gender:** a
- **Blood Type:** c
- **Medical Condition:** b
- **Date of Admission:** 2020-03-02
- **Doctor:** DOC_40
- **Hospital:** HOSP_40
- **Insurance Provider:** d
- **Billing Amount:** 17696
- **Room Number:** 380
- **Admission Type:** a
- **Discharge Date:** 2020-04-02
- **Medication:** b
- **Test Results:** a

### Respondent 20

- **Age:** 65
- **Gender:** a
- **Blood Type:** b
- **Medical Condition:** b
- **Date of Admission:** 2023-05-12
- **Doctor:** DOC_20
- **Hospital:** HOSP_20
- **Insurance Provider:** d
- **Billing Amount:** -503
- **Room Number:** 114
- **Admission Type:** a
- **Discharge Date:** 2023-08-11
- **Medication:** a
- **Test Results:** c

### Respondent 121

- **Age:** 76
- **Gender:** a
- **Blood Type:** f
- **Medical Condition:** e
- **Date of Admission:** 2021-10-27
- **Doctor:** DOC_121
- **Hospital:** HOSP_121
- **Insurance Provider:** c
- **Billing Amount:** 50119
- **Room Number:** 465
- **Admission Type:** b
- **Discharge Date:** 2021-11-21
- **Medication:** c
- **Test Results:** c


</questionnaire>

<role>
You are a meticulous data analyst AI. Your primary function is to accurately analyze structured data and provide precise, verifiable answers.
</role>

<format>
You will be given a dataset with two key parts:

A 'questions' section: This is your data dictionary or schema. It is the single source of truth for understanding what each field and score means. Refer to it carefully.

A 'responses' section: This contains the raw data from each individual respondent.

To answer the question correctly, you must first use the 'questions' schema to fully understand the context and meaning of the data points within the 'responses'. Do not rely on any prior knowledge outside of this provided data. Base your entire analysis on the information given.
</format>

<output>
Provide your final answer directly and concisely. Output must be the human-readable value, not an option code.

Rules:
- For MCQ fields, map any letter codes in the Responses (case-insensitive) to the corresponding option text from the Questions schema, and output only that text. Do NOT include the letter or both.
  Example: If the schema is ""[MCQ: A. Abnormal B. Inconclusive C. Normal]"" and the response is ""a"", output ""Abnormal"".
- For open-ended fields, output the exact text value.
- If the question asks for a count, provide only the number (e.g., ""42"").
- If the question asks for a list of names or IDs, provide a simple comma-separated list (e.g., ""17, 21, 23"").
- Preserve capitalization exactly as in the schema (e.g., output ""Abnormal"", not ""abnormal"" or ""A"").
</output>

<task>
Find all respondents whose billing amount is higher than the average billing amount for all patients with the same insurance provider.
</task>",,False
